12.01,2.33,33.30,71.00,4.89,1,1,57.56,0.09,2.50,0,01/07/2023 11:46:33
11.97,2.24,33.30,71.00,4.89,1,1,57.56,0.09,2.50,0,01/07/2023 11:46:34
11.57,2.30,33.30,71.00,4.89,1,1,57.56,0.09,2.50,0,01/07/2023 11:46:35
11.47,2.24,33.30,71.00,4.89,1,1,57.56,0.09,2.50,0,01/07/2023 11:46:36
11.11,2.18,33.30,71.00,4.89,1,1,57.56,0.09,2.50,0,01/07/2023 11:46:37
10.73,2.36,33.30,71.00,4.89,1,1,57.56,0.09,2.50,0,01/07/2023 11:46:38
10.59,2.12,33.30,71.00,4.89,1,1,57.56,0.09,2.50,0,01/07/2023 11:46:39
10.43,2.18,33.30,71.00,4.89,1,1,57.56,0.09,2.50,0,01/07/2023 11:46:40
10.43,2.24,33.30,71.00,4.89,1,1,57.56,0.09,2.50,0,01/07/2023 11:46:41
10.35,2.21,33.30,71.00,4.89,1,1,57.56,0.09,2.50,0,01/07/2023 11:46:42
10.33,2.24,33.20,71.00,4.89,1,1,57.56,0.09,2.50,0,01/07/2023 11:46:43
10.25,2.33,33.20,71.00,4.89,1,1,57.56,0.09,2.50,0,01/07/2023 11:46:44
10.03,2.21,33.30,71.00,4.89,1,1,57.56,0.09,2.50,0,01/07/2023 11:46:45
10.17,2.21,33.30,71.00,4.89,1,1,57.56,0.09,2.50,0,01/07/2023 11:46:46
10.13,1.97,33.20,71.00,4.89,1,1,57.56,0.09,2.50,0,01/07/2023 11:46:47
10.13,2.15,33.20,71.00,4.89,1,1,57.56,0.09,2.50,0,01/07/2023 11:46:48
10.09,2.24,33.30,71.00,4.89,1,1,57.56,0.09,2.50,0,01/07/2023 11:46:49
9.95,2.24,33.30,71.00,4.89,1,1,57.56,0.09,2.50,0,01/07/2023 11:46:50
10.07,2.06,33.30,71.00,4.89,1,1,57.56,0.09,2.50,0,01/07/2023 11:46:51
14.11,2.51,33.30,71.00,4.90,1,1,57.56,0.09,2.50,0,01/07/2023 11:46:52
14.79,2.09,33.20,71.00,4.90,1,1,57.56,0.09,2.50,0,01/07/2023 11:46:53
15.05,2.18,33.20,71.00,4.90,1,1,57.56,0.09,2.50,0,01/07/2023 11:46:54
14.99,2.51,33.30,71.00,4.90,1,1,57.56,0.09,2.50,0,01/07/2023 11:46:55
14.99,1.91,33.30,71.00,4.90,1,1,57.56,0.09,2.50,0,01/07/2023 11:46:56
15.17,2.48,33.30,71.00,4.90,1,1,57.56,0.09,2.50,0,01/07/2023 11:46:57
15.03,1.85,33.30,71.00,4.90,1,1,57.56,0.09,2.50,0,01/07/2023 11:46:58
14.97,2.18,33.20,71.00,4.90,1,1,57.56,0.09,2.50,0,01/07/2023 11:46:59
15.05,2.21,33.20,71.00,4.90,1,1,57.56,0.09,2.50,0,01/07/2023 11:47:00
14.97,2.06,33.20,71.00,4.90,1,1,57.56,0.09,2.50,0,01/07/2023 11:47:01
14.75,2.27,33.20,71.00,4.90,1,1,57.56,0.09,2.50,0,01/07/2023 11:47:02
14.65,1.88,33.30,70.00,4.90,1,1,57.56,0.09,2.50,0,01/07/2023 11:47:03
14.79,2.09,33.30,70.00,4.90,1,1,57.56,0.09,2.50,0,01/07/2023 11:47:04
14.93,2.21,33.30,70.00,4.90,1,1,57.56,0.09,2.50,0,01/07/2023 11:47:05
14.65,2.27,33.30,70.00,4.90,1,1,57.56,0.09,2.50,0,01/07/2023 11:47:06
14.85,2.09,33.20,70.00,4.90,1,1,57.56,0.09,2.50,0,01/07/2023 11:47:07
14.79,2.27,33.20,70.00,4.90,1,1,57.56,0.09,2.50,0,01/07/2023 11:47:08
14.65,1.97,33.30,70.00,4.90,1,1,57.56,0.09,2.50,0,01/07/2023 11:47:09
14.67,1.85,33.30,70.00,4.90,1,1,57.56,0.09,2.50,0,01/07/2023 11:47:10
14.89,2.12,33.30,70.00,4.90,1,1,57.56,0.09,2.50,0,01/07/2023 11:47:11
15.03,2.15,33.30,70.00,4.90,1,1,57.56,0.09,2.50,0,01/07/2023 11:47:12
14.45,1.91,33.30,70.00,4.90,1,1,57.56,0.09,2.50,0,01/07/2023 11:47:13
14.39,1.97,33.30,70.00,4.90,1,1,57.56,0.09,2.50,0,01/07/2023 11:47:14
14.59,2.00,33.30,70.00,4.90,1,1,57.56,0.09,2.50,0,01/07/2023 11:47:15
14.43,1.97,33.30,70.00,4.90,1,1,57.56,0.09,2.50,0,01/07/2023 11:47:16
14.79,2.09,33.30,70.00,4.90,1,1,57.56,0.09,2.50,0,01/07/2023 11:47:17
14.85,2.27,33.30,70.00,4.90,1,1,57.56,0.09,2.50,0,01/07/2023 11:47:18
15.47,2.06,33.30,70.00,4.90,1,1,57.56,0.09,2.50,0,01/07/2023 11:47:19
15.95,1.94,33.30,70.00,4.90,1,1,57.56,0.09,2.50,0,01/07/2023 11:47:20
16.25,2.00,33.30,70.00,4.90,1,1,57.56,0.09,2.50,0,01/07/2023 11:47:21
16.19,1.97,33.30,70.00,4.90,1,1,57.56,0.09,2.50,0,01/07/2023 11:47:22
16.59,2.36,33.30,70.00,4.90,1,1,57.56,0.09,2.50,0,01/07/2023 11:47:23
16.95,2.03,33.30,70.00,4.90,1,1,57.56,0.09,2.50,0,01/07/2023 11:47:24
16.57,2.45,33.30,70.00,4.90,1,1,57.56,0.09,2.50,0,01/07/2023 11:47:25
16.67,1.94,33.30,70.00,4.90,1,1,57.56,0.09,2.50,0,01/07/2023 11:47:26
16.61,2.18,33.30,70.00,4.90,1,1,57.56,0.09,2.50,0,01/07/2023 11:47:27
16.65,2.48,33.30,70.00,4.90,1,1,57.56,0.09,2.50,0,01/07/2023 11:47:28
16.63,2.27,33.30,70.00,4.90,1,1,57.56,0.09,2.50,0,01/07/2023 11:47:29
16.63,2.21,33.30,70.00,4.90,1,1,57.56,0.09,2.50,0,01/07/2023 11:47:30
16.61,2.33,33.30,70.00,4.90,1,1,57.56,0.09,2.50,0,01/07/2023 11:47:31
16.25,2.12,33.30,70.00,4.90,1,1,57.56,0.09,2.50,0,01/07/2023 11:47:32
16.29,1.97,33.30,70.00,4.90,1,1,57.56,0.09,2.50,0,01/07/2023 11:47:33
16.07,1.97,33.30,70.00,4.90,1,1,57.56,0.09,2.50,0,01/07/2023 11:47:34
16.27,2.15,33.30,70.00,4.90,1,1,57.56,0.09,2.50,0,01/07/2023 11:47:35
16.47,2.15,33.30,70.00,4.90,1,1,57.56,0.09,2.50,0,01/07/2023 11:47:36
0.03,3.02,33.30,70.00,4.87,1,1,57.56,0.09,2.50,0,01/07/2023 11:47:37
0.05,0.04,33.30,70.00,4.87,1,1,57.56,0.09,2.50,0,01/07/2023 11:47:38
0.05,0.05,33.30,70.00,4.87,1,1,57.56,0.09,2.50,0,01/07/2023 11:47:39
0.01,0.17,33.30,70.00,4.87,1,1,57.56,0.09,2.50,0,01/07/2023 11:47:40
0.01,0.50,33.30,71.00,4.87,1,1,57.56,0.09,2.50,0,01/07/2023 11:47:41
0.03,0.95,33.30,71.00,4.87,1,1,57.56,0.09,2.50,0,01/07/2023 11:47:42
0.01,2.09,33.30,71.00,4.87,1,1,57.56,0.09,2.50,0,01/07/2023 11:47:43
0.07,4.16,33.30,71.00,4.88,1,1,57.56,0.09,2.50,0,01/07/2023 11:47:44
1.77,2.09,33.20,71.00,4.87,1,1,57.56,0.09,2.50,0,01/07/2023 11:47:45
2.47,2.66,33.20,71.00,4.88,1,1,57.56,0.09,2.50,0,01/07/2023 11:47:46
2.31,2.45,33.30,71.00,4.88,1,1,57.56,0.09,2.50,0,01/07/2023 11:47:47
2.21,2.39,33.30,71.00,4.88,1,1,57.56,0.09,2.50,0,01/07/2023 11:47:48
2.17,2.36,33.30,71.00,4.88,1,1,57.56,0.09,2.50,0,01/07/2023 11:47:49
2.29,2.51,33.30,71.00,4.88,1,1,57.56,0.09,2.50,0,01/07/2023 11:47:50
5.09,2.15,33.30,71.00,4.88,1,1,57.56,0.09,2.50,0,01/07/2023 11:47:51
5.73,2.24,33.30,71.00,4.88,1,1,57.56,0.09,2.50,0,01/07/2023 11:47:52
6.29,2.24,33.30,71.00,4.88,1,1,57.56,0.09,2.50,0,01/07/2023 11:47:53
6.45,2.30,33.30,71.00,4.88,1,1,57.56,0.09,2.50,0,01/07/2023 11:47:54
6.59,2.36,33.30,71.00,4.88,1,1,57.56,0.09,2.50,0,01/07/2023 11:47:55
6.41,2.33,33.20,70.00,4.88,1,1,57.56,0.09,2.50,0,01/07/2023 11:47:56
6.25,2.18,33.20,70.00,4.88,1,1,57.56,0.09,2.50,0,01/07/2023 11:47:57
6.29,2.33,33.30,71.00,4.88,1,1,57.56,0.09,2.50,0,01/07/2023 11:47:58
6.07,2.27,33.30,71.00,4.88,1,1,57.56,0.09,2.50,0,01/07/2023 11:47:59
5.91,2.24,33.20,71.00,4.88,1,1,57.56,0.09,2.50,0,01/07/2023 11:48:00
5.85,2.21,33.20,71.00,4.88,1,1,57.56,0.09,2.50,0,01/07/2023 11:48:01
5.77,2.27,33.20,71.00,4.88,1,1,57.56,0.09,2.50,0,01/07/2023 11:48:02
8.43,2.18,33.20,71.00,4.89,1,1,57.56,0.09,2.50,0,01/07/2023 11:48:03
0.25,2.39,33.20,71.00,4.87,1,1,57.56,0.09,2.50,0,01/07/2023 11:48:04
0.05,2.33,33.20,71.00,4.87,1,1,57.56,0.09,2.50,0,01/07/2023 11:48:05
0.07,2.27,33.20,71.00,4.87,1,1,57.56,0.09,2.50,0,01/07/2023 11:48:06
0.03,2.27,33.20,71.00,4.87,1,1,57.56,0.09,2.50,0,01/07/2023 11:48:07
1.71,2.21,33.20,71.00,4.87,1,1,57.56,0.09,2.50,0,01/07/2023 11:48:08
3.25,2.12,33.20,71.00,4.88,1,1,57.56,0.09,2.50,0,01/07/2023 11:48:09
6.13,2.39,33.20,71.00,4.88,1,1,57.56,0.09,2.50,0,01/07/2023 11:48:10
7.01,2.06,33.20,71.00,4.88,1,1,57.56,0.09,2.50,0,01/07/2023 11:48:11
7.21,2.21,33.20,71.00,4.88,1,1,57.56,0.09,2.50,0,01/07/2023 11:48:12
7.29,2.24,33.20,71.00,4.88,1,1,57.56,0.09,2.50,0,01/07/2023 11:48:13
7.17,2.24,33.30,71.00,4.88,1,1,57.56,0.09,2.50,0,01/07/2023 11:48:14
6.91,2.24,33.30,71.00,4.88,1,1,57.56,0.09,2.50,0,01/07/2023 11:48:15
10.73,1.16,33.30,71.00,4.89,1,1,57.56,0.09,2.50,0,01/07/2023 11:48:16
11.93,2.00,33.30,71.00,4.89,1,1,57.56,0.09,2.50,0,01/07/2023 11:48:17
12.05,2.12,33.20,71.00,4.89,1,1,57.56,0.09,2.50,0,01/07/2023 11:48:18
12.07,2.06,33.20,71.00,4.89,1,1,57.56,0.09,2.50,0,01/07/2023 11:48:19
12.05,2.12,33.30,71.00,4.89,1,1,57.56,0.09,2.50,0,01/07/2023 11:48:20
23.51,5.35,33.30,71.00,4.90,1,1,57.56,0.09,2.50,0,01/07/2023 11:48:21
25.17,7.75,33.20,71.00,4.90,1,1,57.56,0.09,2.50,0,01/07/2023 11:48:22
25.81,8.53,33.20,71.00,4.90,1,1,57.56,0.09,2.50,0,01/07/2023 11:48:23
25.83,8.50,33.30,71.00,4.90,1,1,57.56,0.09,2.50,0,01/07/2023 11:48:24
25.71,8.17,33.30,71.00,4.90,1,1,57.56,0.09,2.50,0,01/07/2023 11:48:25
24.73,8.44,33.30,71.00,4.89,1,1,57.56,0.09,2.50,0,01/07/2023 11:48:26
23.97,8.38,33.30,71.00,4.89,1,1,57.56,0.09,2.50,0,01/07/2023 11:48:27
24.39,8.17,33.30,71.00,4.90,1,1,57.56,0.09,2.50,0,01/07/2023 11:48:28
23.91,7.87,33.30,71.00,4.89,1,1,57.56,0.09,2.50,0,01/07/2023 11:48:29
23.39,7.57,33.20,71.00,4.89,1,1,57.56,0.09,2.50,0,01/07/2023 11:48:30
24.21,6.85,33.20,71.00,4.89,1,1,57.56,0.09,2.50,0,01/07/2023 11:48:31
24.05,6.55,33.30,71.00,4.90,1,1,57.56,0.09,2.50,0,01/07/2023 11:48:32
23.21,6.73,33.30,71.00,4.90,1,1,57.56,0.09,2.50,0,01/07/2023 11:48:33
18.23,0.40,33.30,71.00,4.90,1,1,57.56,0.09,2.50,0,01/07/2023 11:48:34
14.81,2.78,33.30,71.00,4.90,1,1,57.56,0.09,2.50,0,01/07/2023 11:48:35
13.63,3.83,33.30,71.00,4.90,1,1,57.56,0.09,2.50,0,01/07/2023 11:48:36
13.39,4.10,33.30,71.00,4.90,1,1,57.56,0.09,2.50,0,01/07/2023 11:48:37
13.01,4.04,33.30,71.00,4.90,1,1,57.56,0.09,2.50,0,01/07/2023 11:48:38
13.05,4.10,33.30,71.00,4.90,1,1,57.56,0.09,2.50,0,01/07/2023 11:48:39
13.15,3.83,33.30,71.00,4.90,1,1,57.56,0.09,2.50,0,01/07/2023 11:48:40
13.21,4.07,33.30,71.00,4.90,1,1,57.56,0.09,2.50,0,01/07/2023 11:48:41
13.07,4.16,33.30,71.00,4.90,1,1,57.56,0.09,2.50,0,01/07/2023 11:48:42
13.41,4.82,33.30,71.00,4.90,1,1,57.56,0.09,2.50,0,01/07/2023 11:48:43
13.59,4.97,33.30,71.00,4.90,1,1,57.56,0.09,2.50,0,01/07/2023 11:48:44
13.77,5.51,33.30,71.00,4.90,1,1,57.56,0.09,2.50,0,01/07/2023 11:48:45
0.07,18.53,33.30,71.00,4.90,1,1,57.56,0.09,2.50,0,01/07/2023 11:48:46
0.01,16.01,33.30,71.00,4.90,1,1,57.56,0.09,2.50,0,01/07/2023 11:48:47
0.03,11.03,33.30,71.00,4.89,1,1,57.56,0.09,2.50,0,01/07/2023 11:48:48
0.05,8.84,33.30,71.00,4.88,1,1,57.56,0.09,2.50,0,01/07/2023 11:48:49
0.01,7.19,33.30,71.00,4.88,1,1,57.56,0.09,2.50,0,01/07/2023 11:48:50
0.01,6.08,33.30,71.00,4.88,1,1,57.56,0.09,2.50,0,01/07/2023 11:48:51
0.01,5.00,33.30,71.00,4.88,1,1,57.56,0.09,2.50,0,01/07/2023 11:48:52
0.03,4.55,33.30,71.00,4.88,1,1,57.56,0.09,2.50,0,01/07/2023 11:48:53
0.01,4.07,33.30,71.00,4.88,1,1,57.56,0.09,2.50,0,01/07/2023 11:48:54
0.01,3.68,33.30,71.00,4.87,1,1,57.56,0.09,2.50,0,01/07/2023 11:48:55
0.05,3.38,33.30,71.00,4.87,1,1,57.56,0.09,2.50,0,01/07/2023 11:48:56
2.85,3.23,33.30,71.00,4.88,1,1,57.56,0.09,2.50,0,01/07/2023 11:48:57
3.47,2.84,33.30,71.00,4.88,1,1,57.56,0.09,2.50,0,01/07/2023 11:48:58
3.65,2.72,33.30,71.00,4.88,1,1,57.56,0.09,2.50,0,01/07/2023 11:48:59
3.75,2.78,33.30,71.00,4.88,1,1,57.56,0.09,2.50,0,01/07/2023 11:49:00
7.63,0.74,33.30,71.00,4.88,1,1,57.56,0.09,2.50,0,01/07/2023 11:49:01
8.93,2.63,33.30,71.00,4.89,1,1,57.56,0.09,2.50,0,01/07/2023 11:49:02
9.51,2.60,33.30,71.00,4.89,1,1,57.56,0.09,2.50,0,01/07/2023 11:49:03
9.67,2.57,33.30,71.00,4.89,1,1,57.56,0.09,2.50,0,01/07/2023 11:49:04
9.69,2.48,33.30,71.00,4.89,1,1,57.56,0.09,2.50,0,01/07/2023 11:49:05
9.57,2.45,33.30,71.00,4.89,1,1,57.56,0.09,2.50,0,01/07/2023 11:49:06
9.37,2.27,33.30,71.00,4.89,1,1,57.56,0.09,2.50,0,01/07/2023 11:49:07
9.23,2.48,33.30,71.00,4.89,1,1,57.56,0.09,2.50,0,01/07/2023 11:49:08
8.83,2.27,33.30,71.00,4.89,1,1,57.56,0.09,2.50,0,01/07/2023 11:49:09
8.51,2.45,33.30,71.00,4.89,1,1,57.56,0.09,2.50,0,01/07/2023 11:49:10
8.61,2.33,33.30,71.00,4.89,1,1,57.56,0.09,2.50,0,01/07/2023 11:49:11
8.41,2.39,33.30,71.00,4.89,1,1,57.56,0.09,2.50,0,01/07/2023 11:49:12
8.35,2.21,33.30,71.00,4.89,1,1,57.56,0.09,2.50,0,01/07/2023 11:49:13
0.09,0.28,33.30,71.00,4.87,1,1,57.56,0.09,2.50,0,01/07/2023 11:49:14
0.05,2.06,33.30,71.00,4.87,1,1,57.56,0.09,2.50,0,01/07/2023 11:49:15
0.05,2.21,33.30,71.00,4.87,1,1,57.56,0.09,2.50,0,01/07/2023 11:49:16
0.71,2.03,33.30,71.00,4.87,1,1,57.56,0.09,2.50,0,01/07/2023 11:49:17
1.51,2.30,33.30,71.00,4.87,1,1,57.56,0.09,2.50,0,01/07/2023 11:49:18
3.33,3.02,33.30,71.00,4.88,1,1,57.56,0.09,2.50,0,01/07/2023 11:49:19
3.95,2.21,33.30,71.00,4.88,1,1,57.56,0.09,2.50,0,01/07/2023 11:49:20
4.29,2.24,33.30,71.00,4.88,1,1,57.56,0.09,2.50,0,01/07/2023 11:49:21
0.01,2.30,33.30,71.00,4.87,1,1,57.56,0.09,2.50,0,01/07/2023 11:49:22
0.09,2.27,33.30,71.00,4.87,1,1,57.56,0.09,2.50,0,01/07/2023 11:49:23
0.05,2.30,33.30,71.00,4.87,1,1,57.56,0.09,2.50,0,01/07/2023 11:49:24
0.05,2.24,33.30,71.00,4.87,1,1,57.56,0.09,2.50,0,01/07/2023 11:49:25
0.05,2.27,33.30,71.00,4.87,1,1,57.56,0.09,2.50,0,01/07/2023 11:49:26
0.07,2.15,33.30,71.00,4.87,1,1,57.56,0.09,2.50,0,01/07/2023 11:49:27
0.05,2.27,33.30,71.00,4.87,1,1,57.56,0.09,2.50,0,01/07/2023 11:49:28
0.05,2.15,33.30,71.00,4.87,1,1,57.56,0.09,2.50,0,01/07/2023 11:49:29
0.03,2.15,33.30,71.00,4.87,1,1,57.56,0.09,2.50,0,01/07/2023 11:49:30
0.01,2.27,33.30,71.00,4.87,1,1,57.56,0.09,2.50,0,01/07/2023 11:49:31
0.05,2.24,33.30,71.00,4.87,1,1,57.56,0.09,2.50,0,01/07/2023 11:49:32
0.01,2.15,33.30,71.00,4.87,1,1,57.56,0.09,2.50,0,01/07/2023 11:49:33
0.05,2.27,33.30,71.00,4.87,1,1,57.56,0.09,2.50,0,01/07/2023 11:49:34
0.05,2.21,33.30,71.00,4.87,1,1,57.56,0.09,2.50,0,01/07/2023 11:49:35
0.03,2.21,33.30,71.00,4.87,1,1,57.56,0.09,2.50,0,01/07/2023 11:49:36
0.01,2.24,33.30,71.00,4.87,1,1,57.56,0.09,2.50,0,01/07/2023 11:49:37
0.07,2.21,33.30,71.00,4.87,1,1,57.56,0.09,2.50,0,01/07/2023 11:49:38
0.07,2.18,33.30,71.00,4.87,1,1,57.56,0.09,2.50,0,01/07/2023 11:49:39
0.03,2.15,33.30,71.00,4.87,1,1,57.56,0.09,2.50,0,01/07/2023 11:49:40
0.05,2.18,33.30,71.00,4.87,1,1,57.56,0.09,2.50,0,01/07/2023 11:49:41
0.07,2.18,33.30,71.00,4.87,1,1,57.56,0.09,2.50,0,01/07/2023 11:49:42
0.05,2.27,33.30,71.00,4.87,1,1,57.56,0.09,2.50,0,01/07/2023 11:49:43
0.03,2.15,33.30,71.00,4.87,1,1,57.56,0.09,2.50,0,01/07/2023 11:49:44
0.07,2.18,33.30,71.00,4.87,1,1,57.56,0.09,2.50,0,01/07/2023 11:49:45
0.01,2.21,33.30,71.00,4.87,1,1,57.56,0.09,6.90,0,01/07/2023 11:49:46
0.07,2.18,33.30,71.00,4.87,1,1,57.56,0.09,6.90,0,01/07/2023 11:49:47
0.07,2.24,33.30,71.00,4.87,1,1,57.56,0.09,6.90,0,01/07/2023 11:49:48
0.01,2.24,33.30,71.00,4.87,1,1,57.56,0.09,6.90,0,01/07/2023 11:49:49
0.07,2.18,33.30,71.00,4.87,1,1,57.56,0.09,6.90,0,01/07/2023 11:49:50
0.05,2.21,33.30,71.00,4.87,1,1,57.56,0.09,6.90,0,01/07/2023 11:49:51
0.01,2.12,33.30,71.00,4.87,1,1,57.56,0.09,6.90,0,01/07/2023 11:49:52
0.01,2.15,33.30,71.00,4.87,1,1,57.56,0.09,6.90,0,01/07/2023 11:49:53
0.05,2.21,33.30,71.00,4.87,1,1,57.56,0.09,6.90,0,01/07/2023 11:49:54
0.03,2.18,33.30,71.00,4.87,1,1,57.56,0.09,6.90,0,01/07/2023 11:49:55
0.03,2.21,33.30,71.00,4.87,1,1,57.56,0.09,6.90,0,01/07/2023 11:49:56
0.03,2.21,33.30,71.00,4.87,1,1,57.56,0.09,6.90,0,01/07/2023 11:49:57
0.07,2.21,33.30,71.00,4.87,1,1,57.56,0.09,6.90,0,01/07/2023 11:49:58
0.07,2.15,33.30,71.00,4.87,1,1,57.56,0.09,6.90,0,01/07/2023 11:49:59
0.07,2.12,33.30,71.00,4.87,1,1,57.56,0.09,6.90,0,01/07/2023 11:50:00
0.03,2.15,33.30,71.00,4.87,1,1,57.56,0.09,6.90,0,01/07/2023 11:50:01
0.03,2.18,33.30,71.00,4.87,1,1,57.56,0.09,6.90,0,01/07/2023 11:50:02
0.07,2.03,33.30,71.00,4.87,1,1,57.56,0.09,6.90,0,01/07/2023 11:50:03
2.03,0.80,33.30,71.00,4.87,1,1,57.56,0.09,6.90,0,01/07/2023 11:50:04
4.07,0.29,33.30,71.00,4.88,1,1,57.56,0.09,6.90,0,01/07/2023 11:50:05
6.01,1.42,33.30,71.00,4.88,1,1,57.56,0.09,6.90,0,01/07/2023 11:50:06
7.05,4.43,33.30,71.00,4.89,1,1,57.56,0.09,6.90,0,01/07/2023 11:50:07
6.95,2.66,33.30,71.00,4.88,1,1,57.56,0.09,6.90,0,01/07/2023 11:50:08
6.79,3.83,33.30,71.00,4.89,1,1,57.56,0.09,6.90,0,01/07/2023 11:50:09
6.51,2.06,33.30,71.00,4.88,1,1,57.56,0.09,6.90,0,01/07/2023 11:50:10
6.49,2.21,33.30,71.00,4.88,1,1,57.56,0.09,6.90,0,01/07/2023 11:50:11
6.75,2.36,33.30,71.00,4.88,1,1,57.56,0.09,6.90,0,01/07/2023 11:50:12
6.57,2.06,33.30,71.00,4.88,1,1,57.56,0.09,6.90,0,01/07/2023 11:50:13
12.37,1.25,33.30,71.00,4.89,1,1,57.56,0.09,6.90,0,01/07/2023 11:50:14
20.29,1.54,33.30,71.00,4.90,1,1,57.56,0.09,6.90,0,01/07/2023 11:50:15
24.27,5.14,33.30,71.00,4.90,1,1,57.56,0.09,6.90,0,01/07/2023 11:50:16
37.81,16.84,33.30,71.00,4.90,1,1,57.56,0.09,6.90,0,01/07/2023 11:50:17
21.29,1.69,33.30,71.00,4.90,1,1,57.56,0.09,6.90,0,01/07/2023 11:50:18
17.53,2.00,33.30,71.00,4.90,1,1,57.56,0.09,6.90,0,01/07/2023 11:50:19
10.87,8.39,33.30,71.00,4.90,1,1,57.56,0.09,6.90,0,01/07/2023 11:50:20
6.49,12.23,33.30,71.00,4.90,1,1,57.56,0.09,6.90,0,01/07/2023 11:50:21
2.91,3.62,33.30,71.00,4.88,1,1,57.56,0.09,6.90,0,01/07/2023 11:50:22
2.61,4.16,33.30,71.00,4.88,1,1,57.56,0.09,6.90,0,01/07/2023 11:50:23
2.57,3.47,33.30,71.00,4.88,1,1,57.56,0.09,6.90,0,01/07/2023 11:50:24
1.59,2.96,33.30,71.00,4.88,1,1,57.56,0.09,6.90,0,01/07/2023 11:50:25
1.65,2.72,33.30,71.00,4.87,1,1,57.56,0.09,6.90,0,01/07/2023 11:50:26
1.67,2.51,33.30,71.00,4.87,1,1,57.56,0.09,6.90,0,01/07/2023 11:50:27
1.77,2.45,33.30,71.00,4.87,1,1,57.56,0.09,6.90,0,01/07/2023 11:50:28
1.91,2.30,33.30,71.00,4.87,1,1,57.56,0.09,6.90,0,01/07/2023 11:50:29
1.89,2.27,33.30,71.00,4.88,1,1,57.56,0.09,6.90,0,01/07/2023 11:50:30
2.01,2.30,33.30,71.00,4.88,1,1,57.56,0.09,6.90,0,01/07/2023 11:50:31
2.13,2.21,33.30,71.00,4.88,1,1,57.56,0.09,6.90,0,01/07/2023 11:50:32
2.05,2.24,33.30,71.00,4.88,1,1,57.56,0.09,6.90,0,01/07/2023 11:50:33
2.11,2.18,33.30,70.00,4.87,1,1,57.56,0.09,6.90,0,01/07/2023 11:50:34
2.15,2.21,33.30,70.00,4.88,1,1,57.56,0.09,6.90,0,01/07/2023 11:50:35
2.13,2.18,33.30,70.00,4.88,1,1,57.56,0.09,6.90,0,01/07/2023 11:50:36
2.21,2.30,33.30,70.00,4.88,1,1,57.56,0.09,6.90,0,01/07/2023 11:50:37
2.29,2.18,33.30,70.00,4.88,1,1,57.56,0.09,6.90,0,01/07/2023 11:50:38
2.33,2.18,33.30,70.00,4.88,1,1,57.56,0.09,6.90,0,01/07/2023 11:50:39
2.19,2.21,33.30,70.00,4.88,1,1,57.56,0.09,6.90,0,01/07/2023 11:50:40
2.17,2.15,33.30,70.00,4.88,1,1,57.56,0.09,6.90,0,01/07/2023 11:50:41
2.13,2.15,33.30,70.00,4.88,1,1,57.56,0.09,6.90,0,01/07/2023 11:50:42
2.15,2.30,33.30,70.00,4.88,1,1,57.56,0.09,6.90,0,01/07/2023 11:50:43
2.17,2.21,33.30,70.00,4.88,1,1,57.56,0.09,6.90,0,01/07/2023 11:50:44
2.23,2.18,33.30,70.00,4.88,1,1,57.56,0.09,6.90,0,01/07/2023 11:50:45
2.21,2.12,33.30,70.00,4.88,1,1,53.82,0.09,6.90,0,01/07/2023 11:50:46
2.11,2.30,33.30,70.00,4.87,1,1,53.82,0.09,6.90,0,01/07/2023 11:50:47
2.21,2.18,33.30,70.00,4.88,1,1,53.82,0.91,6.90,0,01/07/2023 11:50:48
2.19,2.21,33.30,70.00,4.87,1,1,53.82,0.91,6.90,0,01/07/2023 11:50:49
2.37,2.12,33.30,70.00,4.88,1,1,53.82,0.91,6.90,0,01/07/2023 11:50:50
2.27,2.12,33.30,70.00,4.88,1,1,53.82,0.91,6.90,0,01/07/2023 11:50:51
2.25,2.06,33.30,70.00,4.88,1,1,53.82,0.91,6.90,0,01/07/2023 11:50:52
2.23,2.15,33.30,70.00,4.88,1,1,53.82,0.91,6.90,0,01/07/2023 11:50:53
2.17,2.12,33.30,70.00,4.88,1,1,53.82,0.91,6.90,0,01/07/2023 11:50:54
2.29,2.15,33.30,70.00,4.88,1,1,53.82,0.91,6.90,0,01/07/2023 11:50:56
2.25,2.12,33.30,70.00,4.87,1,1,53.82,0.91,6.90,0,01/07/2023 11:50:56
2.23,2.15,33.30,70.00,4.88,1,1,53.82,0.91,6.90,0,01/07/2023 11:50:57
2.27,2.21,33.30,70.00,4.88,1,1,53.82,0.91,6.90,0,01/07/2023 11:50:58
2.33,2.18,33.30,70.00,4.88,1,1,53.82,0.91,6.90,0,01/07/2023 11:50:59
2.23,2.24,33.30,70.00,4.87,1,1,53.82,0.91,6.90,0,01/07/2023 11:51:00
2.29,2.15,33.30,70.00,4.88,1,1,53.82,0.91,6.90,0,01/07/2023 11:51:01
2.35,2.15,33.30,70.00,4.88,1,1,53.82,0.91,6.90,0,01/07/2023 11:51:02
2.27,2.12,33.30,70.00,4.88,1,1,53.82,0.91,6.90,0,01/07/2023 11:51:03
2.27,2.15,33.30,70.00,4.88,1,1,53.82,0.91,6.90,0,01/07/2023 11:51:04
2.21,2.21,33.30,70.00,4.88,1,1,53.82,0.91,6.90,0,01/07/2023 11:51:05
2.27,2.12,33.30,70.00,4.88,1,1,53.82,0.91,6.90,0,01/07/2023 11:51:06
2.15,2.18,33.30,70.00,4.88,1,1,53.82,0.91,6.90,0,01/07/2023 11:51:07
2.21,2.15,33.30,70.00,4.88,1,1,53.82,0.91,6.90,0,01/07/2023 11:51:08
2.19,2.15,33.30,70.00,4.87,1,1,53.82,0.91,6.90,0,01/07/2023 11:51:09
2.21,2.06,33.30,70.00,4.88,1,1,53.82,0.91,6.90,0,01/07/2023 11:51:10
2.17,2.18,33.30,70.00,4.88,1,1,53.82,0.91,6.90,0,01/07/2023 11:51:11
2.25,2.15,33.30,70.00,4.88,1,1,53.82,0.91,6.90,0,01/07/2023 11:51:12
2.29,2.12,33.30,70.00,4.87,1,1,53.82,0.91,6.90,0,01/07/2023 11:51:13
2.23,2.06,33.30,70.00,4.88,1,1,53.82,0.91,6.90,0,01/07/2023 11:51:14
2.25,2.15,33.30,70.00,4.88,1,1,53.82,0.91,6.90,0,01/07/2023 11:51:15
2.31,2.15,33.30,70.00,4.88,1,1,53.82,0.91,6.90,0,01/07/2023 11:51:16
2.19,2.21,33.30,70.00,4.87,1,1,53.82,0.91,6.90,0,01/07/2023 11:51:17
2.19,2.12,33.30,70.00,4.88,1,1,53.82,0.91,6.90,0,01/07/2023 11:51:18
2.21,2.18,33.30,70.00,4.88,1,1,53.82,0.91,6.90,0,01/07/2023 11:51:19
2.15,2.18,33.30,70.00,4.87,1,1,53.82,0.91,6.90,0,01/07/2023 11:51:20
2.29,2.21,33.30,70.00,4.88,1,1,53.82,0.91,6.90,0,01/07/2023 11:51:21
2.31,2.18,33.30,70.00,4.88,1,1,53.82,0.91,6.90,0,01/07/2023 11:51:22
2.25,2.12,33.30,70.00,4.88,1,1,53.82,0.91,6.90,0,01/07/2023 11:51:23
2.27,2.15,33.30,70.00,4.88,1,1,53.82,0.91,6.90,0,01/07/2023 11:51:24
2.29,2.12,33.30,70.00,4.88,1,1,53.82,0.91,6.90,0,01/07/2023 11:51:25
2.23,2.12,33.30,70.00,4.88,1,1,53.82,0.91,6.90,0,01/07/2023 11:51:26
2.29,2.12,33.30,70.00,4.88,1,1,53.82,0.91,6.90,0,01/07/2023 11:51:27
2.25,2.18,33.30,70.00,4.88,1,1,53.82,0.91,6.90,0,01/07/2023 11:51:28
2.31,2.12,33.30,70.00,4.87,1,1,53.82,0.91,6.90,0,01/07/2023 11:51:29
2.25,2.09,33.30,70.00,4.88,1,1,53.82,0.91,6.90,0,01/07/2023 11:51:30
2.23,2.21,33.30,70.00,4.88,1,1,53.82,0.91,6.90,0,01/07/2023 11:51:31
2.31,2.15,33.30,70.00,4.88,1,1,53.82,0.91,6.90,0,01/07/2023 11:51:32
2.27,2.12,33.30,70.00,4.87,1,1,53.82,0.91,6.90,0,01/07/2023 11:51:33
2.23,2.12,33.30,70.00,4.87,1,1,53.82,0.91,6.90,0,01/07/2023 11:51:34
2.21,2.18,33.30,70.00,4.88,1,1,53.82,0.91,6.90,0,01/07/2023 11:51:35
2.23,2.18,33.30,70.00,4.88,1,1,53.82,0.91,6.90,0,01/07/2023 11:51:36
2.23,2.06,33.30,70.00,4.88,1,1,53.82,0.91,6.90,0,01/07/2023 11:51:37
2.31,2.12,33.30,70.00,4.88,1,1,53.82,0.91,6.90,0,01/07/2023 11:51:38
2.33,2.12,33.30,70.00,4.88,1,1,53.82,0.91,6.90,0,01/07/2023 11:51:39
2.27,2.12,33.30,70.00,4.88,1,1,53.82,0.91,6.90,0,01/07/2023 11:51:40
3.59,1.28,33.30,70.00,4.88,1,1,53.82,0.91,6.90,0,01/07/2023 11:51:41
6.35,2.39,33.30,70.00,4.88,1,1,53.82,0.91,6.90,0,01/07/2023 11:51:42
6.85,2.18,33.30,70.00,4.88,1,1,53.82,0.91,6.90,0,01/07/2023 11:51:43
7.05,2.00,33.30,70.00,4.88,1,1,53.82,0.91,6.90,0,01/07/2023 11:51:44
7.09,2.15,33.30,70.00,4.88,1,1,53.82,0.91,6.90,0,01/07/2023 11:51:45
7.05,2.09,33.30,70.00,4.88,1,1,53.82,0.91,6.90,0,01/07/2023 11:51:46
7.15,2.09,33.30,70.00,4.88,1,1,53.82,0.91,6.90,0,01/07/2023 11:51:47
7.11,2.12,33.30,70.00,4.88,1,1,53.82,0.91,6.90,0,01/07/2023 11:51:48
7.11,2.15,33.30,70.00,4.88,1,1,53.82,0.91,6.90,0,01/07/2023 11:51:49
7.01,2.12,33.30,70.00,4.88,1,1,53.82,0.91,6.90,0,01/07/2023 11:51:50
7.05,2.21,33.30,70.00,4.88,1,1,53.82,0.91,6.90,0,01/07/2023 11:51:51
6.97,2.15,33.30,70.00,4.88,1,1,53.82,0.91,6.90,0,01/07/2023 11:51:52
6.99,2.09,33.30,70.00,4.88,1,1,53.82,0.91,6.90,0,01/07/2023 11:51:53
11.15,2.48,33.30,70.00,4.89,1,1,53.82,0.91,6.90,0,01/07/2023 11:51:54
14.63,0.22,33.30,70.00,4.89,1,1,53.82,0.91,6.90,0,01/07/2023 11:51:55
16.59,1.15,33.30,70.00,4.89,1,1,53.82,0.91,6.90,0,01/07/2023 11:51:56
20.53,4.60,33.30,70.00,4.89,1,1,53.82,0.91,6.90,0,01/07/2023 11:51:57
21.57,5.83,33.30,70.00,4.89,1,1,53.82,0.91,6.90,0,01/07/2023 11:51:58
22.19,6.28,33.30,70.00,4.89,1,1,53.82,0.91,6.90,0,01/07/2023 11:51:59
22.09,6.70,33.30,70.00,4.89,1,1,53.82,0.91,6.90,0,01/07/2023 11:52:00
22.25,6.34,33.30,70.00,4.89,1,1,53.82,0.91,6.90,0,01/07/2023 11:52:01
22.23,6.25,33.30,70.00,4.89,1,1,53.82,0.91,6.90,0,01/07/2023 11:52:02
21.67,6.04,33.30,70.00,4.89,1,1,53.82,0.91,6.90,0,01/07/2023 11:52:03
21.67,5.98,33.30,70.00,4.89,1,1,53.82,0.91,6.90,0,01/07/2023 11:52:04
21.05,5.32,33.30,70.00,4.89,1,1,53.82,0.91,6.90,0,01/07/2023 11:52:05
20.89,5.47,33.30,71.00,4.89,1,1,53.82,0.91,6.90,0,01/07/2023 11:52:06
38.63,22.96,33.30,71.00,4.89,1,1,53.82,0.91,6.90,0,01/07/2023 11:52:07
54.15,37.72,33.30,71.00,4.89,1,1,53.82,0.91,6.90,0,01/07/2023 11:52:08
62.03,44.95,33.30,71.00,4.89,1,1,53.82,0.91,6.90,0,01/07/2023 11:52:09
60.13,43.06,33.30,71.00,4.89,1,1,53.82,0.91,6.90,0,01/07/2023 11:52:10
64.15,46.66,33.30,71.00,4.90,1,1,53.82,0.91,6.90,0,01/07/2023 11:52:11
64.51,47.38,33.30,71.00,4.89,1,1,53.82,0.91,6.90,0,01/07/2023 11:52:12
63.93,46.81,33.30,71.00,4.89,1,1,53.82,0.91,6.90,0,01/07/2023 11:52:13
62.89,45.43,33.30,71.00,4.89,1,1,53.82,0.91,6.90,0,01/07/2023 11:52:14
60.95,44.32,33.30,71.00,4.89,1,1,53.82,0.91,6.90,0,01/07/2023 11:52:15
23.55,8.02,33.30,71.00,4.89,1,1,53.82,0.91,6.90,0,01/07/2023 11:52:16
29.79,13.30,33.30,71.00,4.89,1,1,53.82,0.91,6.90,0,01/07/2023 11:52:17
27.79,11.20,33.30,71.00,4.89,1,1,53.82,0.91,6.90,0,01/07/2023 11:52:18
26.97,10.63,33.30,71.00,4.89,1,1,53.82,0.91,6.90,0,01/07/2023 11:52:19
26.43,10.00,33.30,71.00,4.90,1,1,53.82,0.91,6.90,0,01/07/2023 11:52:20
26.77,11.02,33.30,71.00,4.90,1,1,53.82,0.91,6.90,0,01/07/2023 11:52:21
10.25,5.21,33.30,71.00,4.89,1,1,53.82,0.91,6.90,0,01/07/2023 11:52:22
8.71,6.80,33.30,71.00,4.89,1,1,53.82,0.91,6.90,0,01/07/2023 11:52:23
8.99,6.77,33.20,71.00,4.89,1,1,53.82,0.91,6.90,0,01/07/2023 11:52:24
8.75,6.71,33.20,71.00,4.89,1,1,53.82,0.91,6.90,0,01/07/2023 11:52:25
8.73,6.41,33.40,71.00,4.89,1,1,53.82,0.91,6.90,0,01/07/2023 11:52:26
9.35,6.23,33.40,71.00,4.89,1,1,53.82,0.91,6.90,0,01/07/2023 11:52:27
7.57,11.15,33.30,71.00,4.90,1,1,53.82,0.91,6.90,0,01/07/2023 11:52:28
0.21,15.44,33.30,71.00,4.89,1,1,53.82,0.91,6.90,0,01/07/2023 11:52:29
7.13,8.51,33.40,71.00,4.89,1,1,53.82,0.91,6.90,0,01/07/2023 11:52:30
17.27,0.79,33.40,71.00,4.90,1,1,53.82,0.91,6.90,0,01/07/2023 11:52:31
22.53,6.04,33.30,70.00,4.89,1,1,53.82,0.91,6.90,0,01/07/2023 11:52:32
24.45,7.27,33.30,70.00,4.90,1,1,53.82,0.91,6.90,0,01/07/2023 11:52:33
25.93,7.90,33.30,70.00,4.90,1,1,53.82,0.91,6.90,0,01/07/2023 11:52:34
26.05,8.08,33.30,70.00,4.90,1,1,53.82,0.91,6.90,0,01/07/2023 11:52:35
25.49,8.47,33.30,70.00,4.90,1,1,53.82,0.91,6.90,0,01/07/2023 11:52:36
24.69,7.81,33.30,70.00,4.90,1,1,53.82,0.91,6.90,0,01/07/2023 11:52:37
24.59,7.36,33.30,70.00,4.90,1,1,53.82,0.91,6.90,0,01/07/2023 11:52:38
24.01,7.30,33.40,70.00,4.89,1,1,53.82,0.91,6.90,0,01/07/2023 11:52:39
5.23,10.46,33.40,70.00,4.89,1,1,53.82,0.91,6.90,0,01/07/2023 11:52:40
3.17,12.17,33.40,70.00,4.89,1,1,53.82,0.91,6.90,0,01/07/2023 11:52:41
0.17,15.02,33.40,70.00,4.89,1,1,53.82,0.91,6.90,0,01/07/2023 11:52:42
0.13,14.81,33.40,70.00,4.89,1,1,53.82,0.91,6.90,0,01/07/2023 11:52:43
0.13,14.78,33.40,70.00,4.89,1,1,53.82,0.91,6.90,0,01/07/2023 11:52:44
0.15,14.66,33.30,70.00,4.89,1,1,53.82,0.91,6.90,0,01/07/2023 11:52:45
0.17,14.42,33.30,70.00,4.89,1,1,53.82,0.91,6.90,0,01/07/2023 11:52:46
0.11,14.27,33.30,70.00,4.89,1,1,53.82,0.91,6.90,0,01/07/2023 11:52:47
0.15,14.33,33.30,70.00,4.89,1,1,53.82,0.91,6.90,0,01/07/2023 11:52:48
0.15,14.36,33.30,70.00,4.89,1,1,53.82,0.91,6.90,0,01/07/2023 11:52:49
0.11,14.51,33.30,70.00,4.89,1,1,53.82,0.91,6.90,0,01/07/2023 11:52:50
0.15,14.48,33.40,70.00,4.89,1,1,53.82,0.91,6.90,0,01/07/2023 11:52:51
0.15,14.69,33.40,70.00,4.89,1,1,53.82,0.91,6.90,0,01/07/2023 11:52:52
0.13,15.02,33.40,70.00,4.89,1,1,53.82,0.91,6.90,0,01/07/2023 11:52:53
0.11,15.29,33.40,70.00,4.89,1,1,53.82,0.91,6.90,0,01/07/2023 11:52:54
0.15,15.41,33.30,70.00,4.89,1,1,53.82,0.91,6.90,0,01/07/2023 11:52:55
0.11,15.11,33.30,70.00,4.89,1,1,53.82,0.91,6.90,0,01/07/2023 11:52:56
0.11,14.09,33.40,70.00,4.89,1,1,53.82,0.91,6.90,0,01/07/2023 11:52:57
0.13,15.77,33.40,70.00,4.90,1,1,53.82,0.91,6.90,0,01/07/2023 11:52:58
0.11,15.29,33.30,70.00,4.89,1,1,53.82,0.91,6.90,0,01/07/2023 11:52:59
0.07,15.62,33.30,70.00,4.90,1,1,53.82,0.91,6.90,0,01/07/2023 11:53:00
0.09,14.27,33.40,70.00,4.89,1,1,53.82,0.91,6.90,0,01/07/2023 11:53:01
0.05,9.02,33.40,70.00,4.88,1,1,53.82,0.91,6.90,0,01/07/2023 11:53:02
0.11,13.85,33.40,70.00,4.89,1,1,53.82,0.91,6.90,0,01/07/2023 11:53:03
0.07,15.74,33.40,70.00,4.90,1,1,53.82,0.91,6.90,0,01/07/2023 11:53:04
0.13,15.77,33.40,70.00,4.90,1,1,53.82,0.91,6.90,0,01/07/2023 11:53:05
0.03,16.07,33.40,70.00,4.90,1,1,53.82,0.91,6.90,0,01/07/2023 11:53:06
0.09,13.37,33.30,70.00,4.89,1,1,53.82,0.91,6.90,0,01/07/2023 11:53:07
0.11,12.17,33.30,70.00,4.89,1,1,53.82,0.91,6.90,0,01/07/2023 11:53:08
0.05,11.39,33.40,70.00,4.89,1,1,53.82,0.91,6.90,0,01/07/2023 11:53:09
0.07,10.64,33.40,70.00,4.89,1,1,53.82,0.91,6.90,0,01/07/2023 11:53:10
0.09,9.77,33.40,70.00,4.89,1,1,53.82,0.91,6.90,0,01/07/2023 11:53:11
0.03,9.26,33.40,70.00,4.88,1,1,53.82,0.91,6.90,0,01/07/2023 11:53:12
0.05,8.63,33.40,70.00,4.88,1,1,53.82,0.91,6.90,0,01/07/2023 11:53:13
0.07,8.21,33.40,70.00,4.88,1,1,53.82,0.91,6.90,0,01/07/2023 11:53:14
0.03,7.55,33.30,70.00,4.88,1,1,53.82,0.91,6.90,0,01/07/2023 11:53:15
0.07,7.16,33.30,70.00,4.88,1,1,53.82,0.91,6.90,0,01/07/2023 11:53:16
0.11,6.53,33.30,70.00,4.88,1,1,53.82,0.91,6.90,0,01/07/2023 11:53:17
0.09,6.23,33.30,70.00,4.88,1,1,53.82,0.91,6.90,0,01/07/2023 11:53:18
0.09,5.93,33.30,70.00,4.88,1,1,53.82,0.91,6.90,0,01/07/2023 11:53:19
0.07,5.87,33.30,70.00,4.88,1,1,53.82,0.91,6.90,0,01/07/2023 11:53:20
0.05,5.30,33.30,70.00,4.88,1,1,53.82,0.91,6.90,0,01/07/2023 11:53:21
0.05,5.03,33.30,70.00,4.88,1,1,53.82,0.91,6.90,0,01/07/2023 11:53:23
0.01,4.76,33.40,70.00,4.88,1,1,53.82,0.91,6.90,0,01/07/2023 11:53:23
0.03,4.46,33.40,70.00,4.88,1,1,53.82,0.91,6.90,0,01/07/2023 11:53:24
0.03,4.25,33.30,70.00,4.88,1,1,53.82,0.91,6.90,0,01/07/2023 11:53:25
0.01,4.07,33.30,70.00,4.87,1,1,53.82,0.91,6.90,0,01/07/2023 11:53:26
0.03,3.92,33.40,70.00,4.87,1,1,53.82,0.91,6.90,0,01/07/2023 11:53:28
0.07,3.71,33.40,70.00,4.87,1,1,53.82,0.91,6.90,0,01/07/2023 11:53:28
0.01,3.50,33.40,70.00,4.87,1,1,53.82,0.91,6.90,0,01/07/2023 11:53:29
0.01,3.44,33.40,70.00,4.87,1,1,53.82,0.91,6.90,0,01/07/2023 11:53:30
0.03,3.26,33.30,70.00,4.87,1,1,53.82,0.91,6.90,0,01/07/2023 11:53:31
0.03,3.14,33.30,70.00,4.87,1,1,53.82,0.91,6.90,0,01/07/2023 11:53:32
0.01,3.02,33.40,70.00,4.87,1,1,53.82,0.91,6.90,0,01/07/2023 11:53:33
0.01,2.99,33.40,70.00,4.87,1,1,53.82,0.91,6.90,0,01/07/2023 11:53:34
0.07,2.96,33.40,70.00,4.87,1,1,53.82,0.91,6.90,0,01/07/2023 11:53:35
0.01,2.99,33.40,70.00,4.87,1,1,53.82,0.91,6.90,0,01/07/2023 11:53:36
0.01,2.72,33.30,70.00,4.87,1,1,53.82,0.91,6.90,0,01/07/2023 11:53:37
0.03,2.72,33.30,70.00,4.87,1,1,53.82,0.91,6.90,0,01/07/2023 11:53:38
0.01,2.66,33.40,70.00,4.87,1,1,53.82,0.91,6.90,0,01/07/2023 11:53:39
0.01,2.60,33.40,70.00,4.87,1,1,53.82,0.91,6.90,0,01/07/2023 11:53:40
0.01,2.57,33.40,70.00,4.87,1,1,53.82,0.91,6.90,0,01/07/2023 11:53:41
0.01,2.51,33.40,70.00,4.87,1,1,53.82,0.91,6.90,0,01/07/2023 11:53:42
0.03,2.51,33.40,70.00,4.87,1,1,53.82,0.91,6.90,0,01/07/2023 11:53:43
0.03,2.45,33.40,70.00,4.87,1,1,53.82,0.91,6.90,0,01/07/2023 11:53:44
0.03,2.33,33.40,70.00,4.87,1,1,53.82,0.91,6.90,0,01/07/2023 11:53:45
0.03,2.42,33.40,70.00,4.87,1,1,53.82,0.91,6.90,0,01/07/2023 11:53:46
0.01,2.33,33.40,70.00,4.87,1,1,53.82,0.91,6.90,0,01/07/2023 11:53:47
0.03,2.36,33.40,70.00,4.87,1,1,53.82,0.91,6.90,0,01/07/2023 11:53:48
0.01,2.39,33.40,70.00,4.87,1,1,53.82,0.91,6.90,0,01/07/2023 11:53:49
0.05,2.12,33.40,70.00,4.87,1,1,53.82,0.91,6.90,0,01/07/2023 11:53:50
1.37,1.55,33.40,70.00,4.87,1,1,53.82,0.91,6.90,0,01/07/2023 11:53:51
1.49,2.63,33.40,70.00,4.87,1,1,53.82,0.91,6.90,0,01/07/2023 11:53:52
1.71,2.24,33.40,70.00,4.87,1,1,53.82,0.91,6.90,0,01/07/2023 11:53:53
1.93,2.24,33.40,70.00,4.87,1,1,53.82,0.91,6.90,0,01/07/2023 11:53:54
2.31,1.82,33.40,70.00,4.87,1,1,53.82,0.91,6.90,0,01/07/2023 11:53:55
7.09,2.38,33.40,70.00,4.88,1,1,53.82,0.91,6.90,0,01/07/2023 11:53:56
7.97,3.71,33.40,70.00,4.89,1,1,53.82,0.91,6.90,0,01/07/2023 11:53:57
7.79,4.70,33.40,70.00,4.89,1,1,53.82,0.91,6.90,0,01/07/2023 11:53:58
7.81,2.45,33.40,70.00,4.88,1,1,53.82,0.91,6.90,0,01/07/2023 11:53:59
7.61,2.27,33.40,70.00,4.88,1,1,53.82,0.91,6.90,0,01/07/2023 11:54:00
7.45,2.30,33.40,70.00,4.88,1,1,53.82,0.91,6.90,0,01/07/2023 11:54:01
7.39,2.03,33.40,70.00,4.88,1,1,53.82,0.91,6.90,0,01/07/2023 11:54:02
7.25,2.09,33.40,70.00,4.88,1,1,53.82,0.91,6.90,0,01/07/2023 11:54:03
7.17,1.97,33.40,70.00,4.88,1,1,53.82,0.91,6.90,0,01/07/2023 11:54:04
7.01,2.09,33.40,70.00,4.88,1,1,53.82,0.91,6.90,0,01/07/2023 11:54:05
6.87,1.91,33.40,70.00,4.88,1,1,53.82,0.91,6.90,0,01/07/2023 11:54:06
6.87,1.97,-5.00,-5.00,4.88,1,1,53.82,0.91,6.90,0,01/07/2023 11:54:07
6.73,2.09,-5.00,-5.00,4.88,1,1,53.82,0.91,6.90,0,01/07/2023 11:54:08
6.77,1.97,33.40,70.00,4.88,1,1,53.82,0.91,6.90,0,01/07/2023 11:54:09
6.65,2.06,33.40,70.00,4.88,1,1,53.82,0.91,6.90,0,01/07/2023 11:54:10
6.55,2.09,33.40,70.00,4.88,1,1,53.82,0.91,6.90,0,01/07/2023 11:54:11
6.49,2.03,33.40,70.00,4.88,1,1,53.82,0.91,6.90,0,01/07/2023 11:54:12
6.53,2.06,33.30,70.00,4.88,1,1,53.82,0.91,6.90,0,01/07/2023 11:54:13
6.51,2.06,33.30,70.00,4.88,1,1,53.82,0.91,6.90,0,01/07/2023 11:54:14
6.39,2.00,33.40,70.00,4.88,1,1,53.82,0.91,6.90,0,01/07/2023 11:54:15
6.41,2.12,33.40,70.00,4.88,1,1,53.82,0.91,6.90,0,01/07/2023 11:54:16
6.19,1.94,33.40,70.00,4.88,1,1,53.82,0.91,6.90,0,01/07/2023 11:54:17
6.29,2.03,33.40,70.00,4.88,1,1,53.82,0.91,6.90,0,01/07/2023 11:54:18
6.23,2.12,33.40,70.00,4.88,1,1,53.82,0.91,6.90,0,01/07/2023 11:54:19
6.17,2.09,33.40,70.00,4.88,1,1,53.82,0.91,6.90,0,01/07/2023 11:54:20
6.11,2.03,33.40,70.00,4.88,1,1,53.82,0.91,6.90,0,01/07/2023 11:54:21
6.01,2.03,33.40,70.00,4.88,1,1,53.82,0.91,6.90,0,01/07/2023 11:54:23
5.91,1.97,33.40,70.00,4.88,1,1,53.82,0.91,6.90,0,01/07/2023 11:54:23
5.95,2.00,33.40,70.00,4.88,1,1,53.82,0.91,6.90,0,01/07/2023 11:54:24
5.97,1.94,33.40,70.00,4.88,1,1,53.82,0.91,6.90,0,01/07/2023 11:54:25
6.03,2.03,33.40,70.00,4.88,1,1,53.82,0.91,6.90,0,01/07/2023 11:54:26
6.07,2.09,33.40,70.00,4.88,1,1,53.82,0.91,6.90,0,01/07/2023 11:54:27
5.93,2.00,33.40,70.00,4.88,1,1,53.82,0.91,6.90,0,01/07/2023 11:54:28
5.99,2.09,33.40,70.00,4.88,1,1,53.82,8.88,6.90,0,01/07/2023 11:54:29
6.13,2.06,33.40,70.00,4.88,1,1,53.82,0.09,6.90,0,01/07/2023 11:54:30
6.21,2.06,33.40,70.00,4.88,1,1,53.82,0.09,6.90,0,01/07/2023 11:54:31
6.09,2.06,33.40,70.00,4.88,1,1,53.82,0.09,6.90,0,01/07/2023 11:54:32
6.11,2.00,33.40,70.00,4.88,1,1,53.82,0.09,6.90,0,01/07/2023 11:54:33
6.09,2.21,33.40,70.00,4.88,1,1,53.82,0.09,6.90,0,01/07/2023 11:54:34
6.15,2.03,33.40,70.00,4.88,1,1,53.82,0.09,6.90,0,01/07/2023 11:54:35
6.11,2.12,33.40,70.00,4.88,1,1,53.82,0.09,6.90,0,01/07/2023 11:54:36
6.11,2.03,33.40,70.00,4.88,1,1,53.82,0.09,6.90,0,01/07/2023 11:54:37
5.91,2.00,33.40,70.00,4.88,1,1,53.82,0.09,6.90,0,01/07/2023 11:54:38
6.09,2.09,33.40,69.00,4.88,1,1,53.82,0.09,6.90,0,01/07/2023 11:54:39
6.07,2.03,33.40,69.00,4.88,1,1,53.82,0.09,6.90,0,01/07/2023 11:54:40