0.39,13.88,33.70,70.00,4.89,1,1,0.05,0.08,1.12,0.50,01/07/2023 12:21:46
0.41,13.73,33.70,70.00,4.89,1,1,0.05,0.08,1.12,0.45,01/07/2023 12:21:47
0.37,13.52,33.70,70.00,4.89,1,1,0.05,0.08,1.12,0.48,01/07/2023 12:21:48
0.39,13.40,33.70,70.00,4.89,1,1,0.05,0.08,1.12,0.45,01/07/2023 12:21:49
0.39,13.31,33.70,70.00,4.89,1,1,0.05,0.08,1.12,0.50,01/07/2023 12:21:50
0.37,13.10,33.70,70.00,4.89,1,1,0.05,0.08,1.12,0.47,01/07/2023 12:21:51
0.41,12.98,33.70,70.00,4.89,1,1,0.05,0.08,1.12,0.52,01/07/2023 12:21:52
0.63,0.53,33.70,70.00,4.87,1,1,0.05,0.08,1.12,0.45,01/07/2023 12:21:53
0.13,0.05,33.70,70.00,4.87,1,1,0.05,0.08,1.12,0.37,01/07/2023 12:21:54
0.09,0.01,33.70,70.00,4.87,1,1,0.05,0.08,1.12,0.37,01/07/2023 12:21:55
0.11,0.08,33.70,70.00,4.87,1,1,0.05,0.08,1.12,0.25,01/07/2023 12:21:56
0.13,0.50,33.70,70.00,4.87,1,1,0.05,0.08,1.12,0.17,01/07/2023 12:21:57
0.13,1.79,33.70,70.00,4.87,1,1,0.05,0.08,1.12,0.17,01/07/2023 12:21:58
0.11,4.40,33.70,70.00,4.87,1,1,0.05,0.08,1.12,0.19,01/07/2023 12:21:59
0.07,11.99,33.70,70.00,4.89,1,1,0.05,0.08,1.12,0.20,01/07/2023 12:22:00
0.13,11.96,33.70,70.00,4.89,1,1,0.05,0.08,1.12,0.31,01/07/2023 12:22:01
0.01,11.66,33.70,70.00,4.89,1,1,0.05,0.08,1.12,0.29,01/07/2023 12:22:02
0.05,11.63,33.70,70.00,4.89,1,1,0.05,0.08,1.12,0.29,01/07/2023 12:22:03
0.07,11.57,33.70,70.00,4.89,1,1,0.05,0.08,1.12,0.32,01/07/2023 12:22:04
0.09,11.57,33.70,70.00,4.89,1,1,0.05,0.08,1.12,0.33,01/07/2023 12:22:05
0.09,11.51,33.70,70.00,4.89,1,1,0.05,0.08,1.12,0.23,01/07/2023 12:22:06
0.03,11.57,33.70,70.00,4.89,1,1,0.05,0.08,1.12,0.29,01/07/2023 12:22:07
0.01,11.63,33.70,70.00,4.89,1,1,0.05,0.08,1.12,0.29,01/07/2023 12:22:08
0.07,11.57,33.70,70.00,4.89,1,1,0.05,0.08,1.12,0.14,01/07/2023 12:22:09
0.07,11.51,33.70,70.00,4.89,1,1,0.05,0.08,1.12,0.06,01/07/2023 12:22:10
0.01,11.45,33.70,70.00,4.88,1,1,0.05,0.08,1.12,0.03,01/07/2023 12:22:11
2.17,9.29,33.70,70.00,4.89,1,1,0.05,0.08,1.12,0.03,01/07/2023 12:22:12
3.25,8.15,33.70,70.00,4.89,1,1,0.05,0.08,1.12,0.02,01/07/2023 12:22:13
5.75,5.75,33.70,70.00,4.89,1,1,0.05,0.08,1.12,0.11,01/07/2023 12:22:14
6.31,5.18,33.70,70.00,4.89,1,1,0.05,0.08,1.12,0.42,01/07/2023 12:22:15
6.43,5.09,33.70,70.00,4.89,1,1,0.05,0.08,1.12,0.54,01/07/2023 12:22:16
6.53,5.06,33.70,70.00,4.89,1,1,0.05,0.08,1.12,0.77,01/07/2023 12:22:17
6.39,5.12,33.70,70.00,4.89,1,1,0.05,0.08,1.12,0.98,01/07/2023 12:22:18
0.53,11.81,33.70,70.00,4.89,1,1,0.05,0.08,1.12,1.29,01/07/2023 12:22:19
0.53,11.66,33.70,70.00,4.89,1,1,0.05,0.08,1.12,1.21,01/07/2023 12:22:20
0.41,11.60,33.70,70.00,4.89,1,1,0.05,0.08,1.12,1.00,01/07/2023 12:22:21
0.03,11.09,33.70,70.00,4.89,1,1,0.05,0.08,1.12,1.01,01/07/2023 12:22:22
0.01,10.94,33.70,70.00,4.89,1,1,0.05,0.08,1.12,0.97,01/07/2023 12:22:23
0.01,11.00,33.70,70.00,4.89,1,1,0.05,0.08,1.12,0.93,01/07/2023 12:22:24
0.01,11.15,33.70,70.00,4.89,1,1,0.05,0.08,1.12,0.91,01/07/2023 12:22:25
0.07,11.09,33.70,70.00,4.89,1,1,0.05,0.08,1.12,0.95,01/07/2023 12:22:26
0.85,10.22,33.70,70.00,4.89,1,1,0.05,0.08,1.12,0.93,01/07/2023 12:22:27
2.67,8.48,33.70,70.00,4.89,1,1,0.05,0.08,1.12,0.88,01/07/2023 12:22:28
7.43,3.95,33.70,70.00,4.89,1,1,0.05,0.08,1.12,0.86,01/07/2023 12:22:29
8.11,3.23,33.70,70.00,4.89,1,1,0.05,0.08,1.12,1.06,01/07/2023 12:22:30
8.41,3.05,33.70,70.00,4.89,1,1,0.05,0.08,1.12,1.24,01/07/2023 12:22:31
8.53,2.96,33.70,70.00,4.89,1,1,0.05,0.08,1.12,1.41,01/07/2023 12:22:32
8.43,2.99,33.70,70.00,4.89,1,1,0.05,0.08,1.12,1.48,01/07/2023 12:22:33
8.43,3.08,33.70,70.00,4.89,1,1,0.05,0.08,1.12,1.61,01/07/2023 12:22:34
8.11,3.44,33.70,70.00,4.89,1,1,0.05,0.08,1.12,1.80,01/07/2023 12:22:35
0.05,11.30,33.70,70.00,4.89,1,1,0.05,0.08,1.12,2.00,01/07/2023 12:22:36
5.85,5.42,33.70,70.00,4.89,1,1,0.05,0.08,1.12,1.98,01/07/2023 12:22:37
7.51,3.95,33.70,70.00,4.89,1,1,0.05,0.08,1.12,1.79,01/07/2023 12:22:38
8.87,2.60,33.70,70.00,4.89,1,1,0.05,0.08,1.12,1.51,01/07/2023 12:22:39
9.83,1.52,33.70,70.00,4.89,1,1,0.05,0.08,1.12,1.08,01/07/2023 12:22:40
10.21,1.28,33.70,70.00,4.89,1,1,0.05,0.08,1.12,0.71,01/07/2023 12:22:41
10.21,1.34,33.70,70.00,4.89,1,1,0.05,0.08,1.12,0.69,01/07/2023 12:22:42
9.95,1.64,33.70,70.00,4.89,1,1,0.05,0.08,1.12,0.12,01/07/2023 12:22:43
9.83,2.24,33.70,70.00,4.89,1,1,0.05,0.08,1.12,0.17,01/07/2023 12:22:44
9.15,2.72,33.70,70.00,4.89,1,1,0.05,0.08,1.12,0.93,01/07/2023 12:22:45
0.05,11.75,33.70,70.00,4.89,1,1,0.05,0.08,1.12,1.20,01/07/2023 12:22:46
0.03,12.05,33.70,70.00,4.89,1,1,0.05,0.08,1.12,1.70,01/07/2023 12:22:47
0.03,12.41,33.70,70.00,4.89,1,1,0.05,0.08,1.12,1.75,01/07/2023 12:22:48
0.01,14.66,33.70,70.00,4.90,1,1,0.05,0.08,1.12,1.32,01/07/2023 12:22:53
0.05,15.02,33.70,70.00,4.89,1,1,0.05,0.08,1.12,1.23,01/07/2023 12:22:54
0.03,15.35,33.70,70.00,4.90,1,1,0.05,0.08,1.12,1.17,01/07/2023 12:22:55
0.03,16.01,33.70,70.00,4.90,1,1,0.05,0.08,1.12,1.02,01/07/2023 12:22:56
0.01,16.13,33.70,70.00,4.90,1,1,0.05,0.08,1.12,0.95,01/07/2023 12:22:57
0.05,16.52,33.70,70.00,4.90,1,1,0.05,0.08,1.12,1.01,01/07/2023 12:22:58
0.03,16.85,33.70,70.00,4.90,1,1,0.05,0.08,1.12,0.99,01/07/2023 12:22:59
0.03,16.85,33.70,70.00,4.90,1,1,0.05,0.08,1.12,0.97,01/07/2023 12:23:00
0.01,16.34,33.70,70.00,4.90,1,1,0.05,0.08,1.12,0.86,01/07/2023 12:23:05
0.03,16.04,33.70,70.00,4.90,1,1,0.05,0.08,1.12,0.78,01/07/2023 12:23:06
1.09,14.60,33.70,70.00,4.90,1,1,0.05,0.08,1.12,0.66,01/07/2023 12:23:07
1.07,13.91,33.70,70.00,4.89,1,1,0.05,0.08,1.12,0.64,01/07/2023 12:23:08
2.77,11.51,33.70,70.00,4.89,1,1,0.05,0.08,1.12,0.72,01/07/2023 12:23:09
4.69,9.02,33.70,70.00,4.89,1,1,0.05,0.08,1.12,0.74,01/07/2023 12:23:10
5.41,7.85,33.70,70.00,4.89,1,1,0.05,0.08,1.12,0.95,01/07/2023 12:23:11
5.99,6.77,33.70,70.00,4.89,1,1,0.05,0.08,1.12,1.10,01/07/2023 12:23:12
6.71,5.81,33.70,70.00,4.89,1,1,0.05,0.08,1.12,1.41,01/07/2023 12:23:13
6.63,5.57,33.70,70.00,4.89,1,1,0.05,0.08,1.12,1.57,01/07/2023 12:23:14
6.67,5.33,33.70,70.00,4.89,1,1,0.05,0.08,1.12,1.69,01/07/2023 12:23:15
6.67,5.33,33.70,70.00,4.89,1,1,0.05,0.08,1.12,1.82,01/07/2023 12:23:16
6.71,5.06,33.70,70.00,4.89,1,1,0.05,0.08,1.12,1.96,01/07/2023 12:23:17
6.43,5.24,33.70,70.00,4.89,1,1,0.05,0.08,1.12,2.09,01/07/2023 12:23:18
6.31,5.30,33.70,70.00,4.89,1,1,0.05,0.08,1.12,2.04,01/07/2023 12:23:19
6.29,5.27,33.70,70.00,4.89,1,1,0.05,0.08,1.12,2.15,01/07/2023 12:23:20
19.55,7.18,33.70,70.00,4.89,1,1,0.05,0.08,1.12,2.18,01/07/2023 12:23:21
23.47,11.14,33.70,70.00,4.89,1,1,0.05,0.08,1.12,2.44,01/07/2023 12:23:22
25.13,13.06,33.70,70.00,4.89,1,1,0.05,0.08,1.12,2.77,01/07/2023 12:23:23
25.69,13.72,33.70,70.00,4.89,1,1,0.05,0.08,1.12,3.29,01/07/2023 12:23:24
25.57,13.00,33.70,70.00,4.89,1,1,0.05,0.08,1.12,3.85,01/07/2023 12:23:25
25.49,13.09,33.70,70.00,4.89,1,1,0.05,0.08,1.12,4.32,01/07/2023 12:23:26
24.51,12.49,33.70,70.00,4.89,1,1,0.05,0.08,1.12,4.51,01/07/2023 12:23:27
23.85,11.38,33.70,70.00,4.89,1,1,0.05,0.08,1.12,4.62,01/07/2023 12:23:28
27.65,15.97,33.70,70.00,4.89,1,1,0.05,0.08,1.12,4.87,01/07/2023 12:23:29
29.47,17.50,33.70,70.00,4.89,1,1,0.05,0.08,1.12,4.99,01/07/2023 12:23:30
31.25,18.55,33.70,70.00,4.89,1,1,0.05,0.08,1.12,5.27,01/07/2023 12:23:31
30.95,18.64,33.70,70.00,4.89,1,1,0.05,0.08,1.12,5.50,01/07/2023 12:23:32
31.37,18.58,33.70,70.00,4.89,1,1,0.05,0.08,1.12,5.54,01/07/2023 12:23:33
31.65,18.01,33.70,70.00,4.89,1,1,0.05,0.08,1.12,5.62,01/07/2023 12:23:34
30.51,18.34,33.70,70.00,4.89,1,1,0.05,0.08,1.12,5.90,01/07/2023 12:23:35
30.75,18.07,33.70,70.00,4.89,1,1,0.05,0.08,1.12,5.95,01/07/2023 12:23:36
33.89,21.10,33.70,69.00,4.89,1,1,0.05,0.08,1.12,6.02,01/07/2023 12:23:40
41.61,28.33,33.70,69.00,4.89,1,1,0.05,0.08,1.12,6.02,01/07/2023 12:23:40
42.69,30.64,33.70,69.00,4.89,1,1,0.05,0.08,1.12,6.02,01/07/2023 12:23:40
43.25,30.85,33.70,69.00,4.89,1,1,0.05,0.08,1.12,6.02,01/07/2023 12:23:40
43.93,30.82,33.70,69.00,4.89,1,1,0.05,0.08,1.12,6.10,01/07/2023 12:23:41
43.53,30.76,33.70,69.00,4.89,1,1,0.05,0.08,1.12,6.20,01/07/2023 12:23:42
42.65,30.43,33.70,69.00,4.89,1,1,0.05,0.08,1.12,6.39,01/07/2023 12:23:43
43.59,30.64,33.70,69.00,4.89,1,1,0.05,0.08,1.12,6.47,01/07/2023 12:23:44
44.17,30.49,33.70,69.00,4.89,1,1,0.05,0.08,1.12,6.49,01/07/2023 12:23:45
44.45,31.03,33.70,69.00,4.89,1,1,0.05,0.08,1.12,6.42,01/07/2023 12:23:46
44.13,30.31,33.70,69.00,4.89,1,1,0.05,0.08,1.12,6.28,01/07/2023 12:23:47
43.51,30.04,33.70,69.00,4.89,1,1,5.03,0.08,1.12,6.41,01/07/2023 12:23:48
43.81,30.31,33.70,69.00,4.89,1,1,5.03,0.08,1.12,6.26,01/07/2023 12:23:49
43.55,30.82,33.70,69.00,4.89,1,1,5.03,0.08,1.12,6.22,01/07/2023 12:23:50
44.25,30.43,33.70,69.00,4.89,1,1,5.03,0.08,1.12,6.16,01/07/2023 12:23:51
44.23,30.55,33.70,69.00,4.89,1,1,5.03,0.08,1.12,6.37,01/07/2023 12:23:52
44.35,31.51,33.70,69.00,4.89,1,1,5.03,0.08,1.12,6.38,01/07/2023 12:23:53
44.99,31.84,33.70,69.00,4.89,1,1,5.03,0.08,1.12,6.30,01/07/2023 12:23:54
44.39,31.30,33.70,69.00,4.89,1,1,5.03,0.08,1.12,6.20,01/07/2023 12:23:55
44.47,30.79,33.70,69.00,4.89,1,1,5.03,0.08,1.12,5.95,01/07/2023 12:23:56
43.97,31.63,33.70,69.00,4.89,1,1,5.03,0.08,1.12,5.92,01/07/2023 12:23:57
45.23,30.76,33.70,69.00,4.89,1,1,5.03,0.08,1.12,6.08,01/07/2023 12:23:58
45.31,30.67,33.70,69.00,4.89,1,1,5.03,0.08,1.12,6.10,01/07/2023 12:23:59
45.49,31.06,33.70,69.00,4.89,1,1,5.03,0.08,1.12,6.01,01/07/2023 12:24:00
45.55,30.73,33.70,69.00,4.89,1,1,5.03,0.08,1.12,5.86,01/07/2023 12:24:01
45.17,30.25,33.70,69.00,4.89,1,1,5.03,0.08,1.12,5.74,01/07/2023 12:24:02
45.21,31.30,33.70,69.00,4.89,1,1,5.03,0.08,1.12,5.60,01/07/2023 12:24:03
45.17,31.84,33.70,69.00,4.89,1,1,5.03,0.08,1.12,5.72,01/07/2023 12:24:04
45.91,31.36,33.70,69.00,4.89,1,1,5.03,0.08,1.12,5.74,01/07/2023 12:24:05
46.11,31.69,33.70,69.00,4.89,1,1,5.03,0.08,1.12,5.74,01/07/2023 12:24:06
46.53,31.81,33.70,69.00,4.89,1,1,5.03,0.08,1.12,5.68,01/07/2023 12:24:07
46.01,32.77,33.70,69.00,4.89,1,1,5.03,0.08,1.12,5.68,01/07/2023 12:24:08
46.59,31.42,33.70,69.00,4.89,1,1,5.03,0.08,1.12,5.37,01/07/2023 12:24:09
46.65,32.26,33.70,69.00,4.89,1,1,5.03,0.08,1.12,5.14,01/07/2023 12:24:10
45.87,31.93,33.70,69.00,4.89,1,1,5.03,0.08,1.12,5.25,01/07/2023 12:24:11
46.13,32.32,33.70,69.00,4.89,1,1,5.03,0.08,1.12,5.45,01/07/2023 12:24:12
44.79,32.62,33.70,69.00,4.89,1,1,5.03,0.08,1.12,5.70,01/07/2023 12:24:14
45.13,31.66,33.70,69.00,4.89,1,1,5.03,0.08,1.12,6.07,01/07/2023 12:24:14
44.35,32.32,33.70,70.00,4.89,1,1,5.03,0.08,1.12,6.37,01/07/2023 12:24:15
45.03,31.30,33.70,70.00,4.89,1,1,5.03,0.08,1.12,6.35,01/07/2023 12:24:16
43.97,31.96,33.70,70.00,4.89,1,1,5.03,0.08,1.12,6.01,01/07/2023 12:24:19
44.11,30.97,33.70,70.00,4.88,1,1,5.03,0.08,1.12,6.01,01/07/2023 12:24:19
43.93,31.66,33.70,70.00,4.89,1,1,5.03,0.08,1.12,5.89,01/07/2023 12:24:20
44.03,31.90,33.70,70.00,4.89,1,1,5.03,0.08,1.12,5.93,01/07/2023 12:24:21
71.13,57.46,33.70,70.00,4.89,1,1,5.03,0.08,1.12,6.00,01/07/2023 12:24:22
69.15,56.29,33.70,70.00,4.89,1,1,5.03,0.08,1.12,6.80,01/07/2023 12:24:56
67.29,55.93,33.70,70.00,4.89,1,1,5.03,0.08,1.12,6.80,01/07/2023 12:24:56
66.21,55.03,33.70,70.00,4.89,1,1,5.03,0.08,1.12,7.03,01/07/2023 12:24:57
66.53,56.11,33.70,70.00,4.89,1,1,5.03,0.08,1.12,7.31,01/07/2023 12:24:58
69.77,55.90,33.60,70.00,4.89,1,1,5.03,0.08,1.12,7.27,01/07/2023 12:24:59
67.93,53.44,33.60,70.00,4.89,1,1,5.03,0.08,1.12,7.33,01/07/2023 12:25:00
64.27,53.02,33.60,70.00,4.89,1,1,5.03,0.08,1.12,7.41,01/07/2023 12:25:01
66.91,54.19,33.60,70.00,4.89,1,1,5.03,0.08,1.12,7.43,01/07/2023 12:25:02
67.81,53.35,33.60,70.00,4.89,1,1,5.03,0.08,1.12,7.35,01/07/2023 12:25:03
63.89,54.52,33.60,70.00,4.89,1,1,5.03,70.81,1.12,6.96,01/07/2023 12:25:04
65.51,54.04,33.60,70.00,4.89,1,1,5.03,70.81,1.12,6.94,01/07/2023 12:25:05
66.39,55.30,33.60,70.00,4.89,1,1,5.03,70.81,1.12,7.17,01/07/2023 12:25:06
67.69,55.93,33.60,70.00,4.89,1,1,5.03,70.81,1.12,7.37,01/07/2023 12:25:07
67.61,55.03,33.60,70.00,4.89,1,1,5.03,70.81,1.12,7.21,01/07/2023 12:25:08
65.75,56.62,33.60,70.00,4.89,1,1,5.03,70.81,1.12,7.04,01/07/2023 12:25:10
67.51,54.28,33.60,70.00,4.89,1,1,5.03,70.81,1.12,7.09,01/07/2023 12:25:10
65.13,54.31,33.70,70.00,4.89,1,1,5.03,70.81,1.12,7.25,01/07/2023 12:25:11
64.23,52.33,33.70,70.00,4.89,1,1,5.03,70.81,1.12,7.10,01/07/2023 12:25:12
66.49,54.34,33.70,70.00,4.89,1,1,5.03,70.81,1.12,7.04,01/07/2023 12:25:13
64.83,52.54,33.70,70.00,4.89,1,1,5.03,70.81,1.12,7.02,01/07/2023 12:25:14
37.55,26.41,33.70,70.00,4.89,1,1,5.03,70.81,1.12,7.23,01/07/2023 12:25:15
15.67,3.52,33.70,70.00,4.89,1,1,5.03,70.81,1.12,7.17,01/07/2023 12:25:16
13.23,1.96,33.70,69.00,4.89,1,1,5.03,70.81,1.12,6.23,01/07/2023 12:25:17
19.19,7.48,33.70,69.00,4.89,1,1,5.03,70.81,1.12,5.14,01/07/2023 12:25:18
43.89,31.60,33.70,69.00,4.89,1,1,5.03,70.81,1.12,4.50,01/07/2023 12:25:19
58.83,46.93,33.70,69.00,4.89,1,1,5.03,70.81,1.12,4.13,01/07/2023 12:25:20
71.09,59.62,33.70,69.00,4.89,1,1,5.03,70.81,1.12,4.66,01/07/2023 12:25:21
74.07,59.95,33.70,69.00,4.89,1,1,5.03,70.81,1.12,5.15,01/07/2023 12:25:22
70.31,56.59,33.70,70.00,4.89,1,1,5.03,70.81,1.12,5.61,01/07/2023 12:25:23
57.67,45.58,33.70,70.00,4.89,1,1,5.03,70.81,1.12,5.74,01/07/2023 12:25:24
64.81,49.99,33.70,69.00,4.89,1,1,5.03,70.81,1.12,5.80,01/07/2023 12:25:25
62.93,50.38,33.70,69.00,4.89,1,1,5.03,70.81,1.12,5.94,01/07/2023 12:25:26
71.21,57.70,33.70,69.00,4.89,1,1,5.03,70.81,1.12,5.76,01/07/2023 12:25:27
70.43,60.16,33.70,69.00,4.89,1,1,5.03,70.81,1.12,5.51,01/07/2023 12:25:28
70.77,60.43,33.70,69.00,4.88,1,1,5.03,70.81,1.12,5.66,01/07/2023 12:25:29
69.97,61.84,33.70,69.00,4.88,1,1,5.03,70.81,1.12,6.12,01/07/2023 12:25:30
71.17,59.80,33.70,69.00,4.89,1,1,5.03,70.81,1.12,6.64,01/07/2023 12:25:31
70.97,55.69,33.70,69.00,4.89,1,1,5.03,70.81,1.12,6.76,01/07/2023 12:25:32
68.65,56.23,33.70,70.00,4.89,1,1,5.03,70.81,1.12,6.67,01/07/2023 12:25:33
68.85,58.36,33.70,70.00,4.88,1,1,5.03,70.81,1.12,6.71,01/07/2023 12:25:34
70.07,56.20,33.70,70.00,4.89,1,1,5.03,70.81,1.12,6.84,01/07/2023 12:25:35
67.93,55.69,33.70,70.00,4.89,1,1,5.03,70.81,1.12,7.03,01/07/2023 12:25:36
68.01,56.92,33.70,70.00,4.88,1,1,5.03,70.81,1.12,7.02,01/07/2023 12:25:37
68.11,59.32,33.70,70.00,4.88,1,1,5.03,70.81,1.12,7.11,01/07/2023 12:25:38
67.37,56.41,33.70,70.00,4.89,1,1,5.03,70.81,1.12,7.13,01/07/2023 12:25:39
64.51,53.20,33.70,70.00,4.89,1,1,5.03,70.81,1.12,7.22,01/07/2023 12:25:40
62.37,60.01,33.70,70.00,4.88,1,1,5.03,70.81,1.12,7.42,01/07/2023 12:25:41
67.49,52.15,33.70,70.00,4.89,1,1,5.03,70.81,1.12,7.50,01/07/2023 12:25:42
65.77,54.10,33.70,70.00,4.89,1,1,5.03,70.81,1.12,7.62,01/07/2023 12:25:43
67.53,50.71,33.70,70.00,4.89,1,1,5.03,70.81,1.12,7.71,01/07/2023 12:25:44
62.63,53.68,33.70,70.00,4.88,1,1,5.03,70.81,1.12,7.72,01/07/2023 12:25:45
64.83,51.49,33.70,70.00,4.89,1,1,5.03,70.81,1.12,7.79,01/07/2023 12:25:46
65.97,52.12,33.70,70.00,4.89,1,1,5.03,70.81,1.12,7.98,01/07/2023 12:25:47
61.57,55.93,33.70,70.00,4.88,1,1,5.03,70.81,1.12,7.92,01/07/2023 12:25:48
63.87,51.28,33.70,70.00,4.89,1,1,5.03,70.81,1.12,7.91,01/07/2023 12:25:49
64.65,49.51,33.70,70.00,4.89,1,1,5.03,70.81,1.12,7.89,01/07/2023 12:25:50
63.41,50.17,33.70,69.00,4.89,1,1,5.03,70.81,1.12,7.86,01/07/2023 12:25:51
65.59,48.28,33.70,69.00,4.89,1,1,5.03,70.81,1.12,7.80,01/07/2023 12:25:52
64.61,48.85,33.70,69.00,4.89,1,1,5.03,70.81,1.12,7.84,01/07/2023 12:25:53
66.95,50.86,33.70,69.00,4.89,1,1,5.03,70.81,1.12,7.89,01/07/2023 12:25:54
67.47,48.85,33.70,69.00,4.90,1,1,5.03,70.81,1.12,7.76,01/07/2023 12:25:55
66.53,49.87,33.70,69.00,4.89,1,1,5.03,70.81,1.12,7.82,01/07/2023 12:25:56
67.11,49.60,33.70,69.00,4.89,1,1,5.03,70.81,1.12,7.97,01/07/2023 12:25:57
64.83,49.81,33.70,69.00,4.89,1,1,5.03,70.81,1.12,7.96,01/07/2023 12:25:58
63.81,49.69,33.70,69.00,4.89,1,1,5.03,70.81,1.12,8.15,01/07/2023 12:25:59
64.63,48.67,33.70,69.00,4.89,1,1,5.03,70.81,1.12,8.09,01/07/2023 12:26:00
63.07,49.93,33.70,69.00,4.89,1,1,5.03,70.81,1.12,7.93,01/07/2023 12:26:01
64.83,47.98,33.70,69.00,4.89,1,1,5.03,70.81,1.12,7.81,01/07/2023 12:26:02
64.53,49.60,33.70,69.00,4.89,1,1,5.03,70.81,1.12,7.70,01/07/2023 12:26:03
65.89,51.28,33.70,69.00,4.89,1,1,5.03,70.81,1.12,7.60,01/07/2023 12:26:04
65.75,49.33,33.70,69.00,4.89,1,1,5.03,70.81,1.12,7.60,01/07/2023 12:26:05
64.05,51.46,33.70,69.00,4.89,1,1,5.03,70.81,1.12,7.52,01/07/2023 12:26:06
65.91,50.62,33.70,69.00,4.89,1,1,5.03,70.81,1.12,7.60,01/07/2023 12:26:07
66.35,49.69,33.70,69.00,4.89,1,1,5.03,70.81,1.12,7.62,01/07/2023 12:26:08
67.79,52.51,33.70,69.00,4.89,1,1,5.03,70.81,1.12,7.77,01/07/2023 12:26:09
64.89,48.55,33.70,69.00,4.89,1,1,5.03,70.81,1.12,7.62,01/07/2023 12:26:10
63.05,48.76,33.70,69.00,4.89,1,1,5.03,70.81,1.12,7.77,01/07/2023 12:26:11
63.51,48.73,33.70,69.00,4.89,1,1,4.61,70.81,1.12,7.95,01/07/2023 12:26:12
65.45,47.95,33.70,69.00,4.89,1,1,4.61,70.81,1.12,8.04,01/07/2023 12:26:13
63.21,49.72,33.70,69.00,4.89,1,1,4.61,70.81,1.12,8.01,01/07/2023 12:26:14
61.43,46.24,33.70,69.00,4.89,1,1,4.61,70.81,1.12,8.03,01/07/2023 12:26:15
63.61,44.29,33.70,69.00,4.89,1,1,4.61,70.81,1.12,8.03,01/07/2023 12:26:16
64.31,44.98,33.70,69.00,4.90,1,1,4.61,70.81,1.12,8.07,01/07/2023 12:26:17
61.87,49.90,33.70,69.00,4.90,1,1,4.61,70.81,1.12,8.05,01/07/2023 12:26:18
65.01,41.71,33.70,69.00,4.90,1,1,4.61,70.81,1.12,8.11,01/07/2023 12:26:19
62.43,46.75,33.70,69.00,4.90,1,1,4.61,70.81,1.12,8.05,01/07/2023 12:26:20
66.03,46.03,33.70,69.00,4.90,1,1,4.61,70.81,1.12,7.97,01/07/2023 12:26:21
68.77,44.32,33.70,69.00,4.90,1,1,4.61,70.81,1.12,7.93,01/07/2023 12:26:22
65.31,44.44,33.70,69.00,4.90,1,1,4.61,70.81,1.12,7.91,01/07/2023 12:26:23
68.31,42.67,33.70,69.00,4.90,1,1,4.61,70.81,1.12,7.83,01/07/2023 12:26:24
64.53,47.68,33.70,69.00,4.90,1,1,4.61,70.81,1.12,7.83,01/07/2023 12:26:25
65.25,48.46,33.70,69.00,4.90,1,1,4.61,70.81,1.12,7.59,01/07/2023 12:26:26
65.33,47.26,33.70,69.00,4.90,1,1,4.61,70.81,1.12,7.57,01/07/2023 12:26:27
37.65,22.06,33.70,69.00,4.89,1,1,4.61,70.81,1.12,7.62,01/07/2023 12:26:28
16.21,1.03,33.70,69.00,4.89,1,1,4.61,70.81,1.12,7.62,01/07/2023 12:26:29
9.35,5.42,33.70,69.00,4.89,1,1,4.61,70.81,1.12,7.04,01/07/2023 12:26:30
7.21,7.01,33.70,69.00,4.89,1,1,4.61,70.81,1.12,6.06,01/07/2023 12:26:31
6.75,7.25,33.70,69.00,4.89,1,1,4.61,70.81,1.12,5.42,01/07/2023 12:26:32
7.03,7.55,33.70,69.00,4.89,1,1,4.61,70.81,1.12,5.02,01/07/2023 12:26:33
7.35,7.43,33.70,69.00,4.89,1,1,4.61,70.81,1.12,4.65,01/07/2023 12:26:34
7.35,8.06,33.70,69.00,4.89,1,1,4.61,70.81,1.12,4.59,01/07/2023 12:26:35
7.13,8.48,33.70,69.00,4.89,1,1,4.61,70.81,1.12,4.40,01/07/2023 12:26:36
11.79,4.19,33.70,69.00,4.89,1,1,4.61,70.81,1.12,4.18,01/07/2023 12:26:37
12.87,3.17,33.70,69.00,4.89,1,1,4.61,70.81,1.12,3.99,01/07/2023 12:26:38
13.83,2.99,33.70,69.00,4.90,1,1,4.61,70.81,1.12,3.89,01/07/2023 12:26:39
18.79,1.57,33.70,69.00,4.89,1,1,4.61,70.81,1.12,3.81,01/07/2023 12:26:40
20.09,3.34,33.70,69.00,4.90,1,1,4.61,70.81,1.12,3.69,01/07/2023 12:26:41
26.23,9.07,33.70,69.00,4.90,1,1,4.61,70.81,1.12,3.84,01/07/2023 12:26:42
29.63,11.89,33.70,69.00,4.90,1,1,4.61,70.81,1.12,3.92,01/07/2023 12:26:43
31.53,14.77,33.70,69.00,4.90,1,1,4.61,70.81,1.12,3.94,01/07/2023 12:26:44
33.03,15.22,33.70,69.00,4.90,1,1,4.61,70.81,1.12,3.85,01/07/2023 12:26:45
33.59,17.11,33.70,69.00,4.90,1,1,4.61,70.81,1.12,3.78,01/07/2023 12:26:46
34.79,17.20,33.70,69.00,4.90,1,1,4.61,70.81,1.12,3.68,01/07/2023 12:26:47
35.69,18.34,33.70,69.00,4.89,1,1,4.61,70.81,1.12,3.59,01/07/2023 12:26:48
46.77,29.95,33.70,69.00,4.89,1,1,4.61,70.81,1.12,3.48,01/07/2023 12:26:49
77.63,59.38,33.70,69.00,4.90,1,1,4.61,70.81,1.12,3.57,01/07/2023 12:26:50
79.11,58.30,33.70,69.00,4.90,1,1,4.61,70.81,1.12,3.81,01/07/2023 12:26:51
36.29,20.44,33.70,69.00,4.90,1,1,4.61,70.81,1.12,4.52,01/07/2023 12:26:52
36.23,19.06,33.70,69.00,4.89,1,1,4.61,70.81,1.12,5.35,01/07/2023 12:26:53
79.99,61.75,33.70,69.00,4.90,1,1,4.61,70.81,1.12,5.19,01/07/2023 12:26:54
73.43,57.19,33.70,69.00,4.90,1,1,4.61,70.81,1.12,5.51,01/07/2023 12:26:55
71.29,52.63,33.70,69.00,4.90,1,1,4.61,70.81,1.12,6.34,01/07/2023 12:26:56
70.01,51.73,33.70,69.00,4.90,1,1,4.61,70.81,1.12,6.85,01/07/2023 12:26:57
67.13,49.27,33.70,69.00,4.90,1,1,4.61,70.81,1.12,7.19,01/07/2023 12:26:58
65.59,49.33,33.70,69.00,4.90,1,1,4.61,70.81,1.12,7.44,01/07/2023 12:26:59
67.79,48.73,33.70,69.00,4.90,1,1,4.61,70.81,1.12,7.48,01/07/2023 12:27:00
67.99,46.96,33.70,69.00,4.90,1,1,4.61,70.81,1.12,7.52,01/07/2023 12:27:01
66.59,46.99,33.80,69.00,4.90,1,1,4.61,70.81,1.12,7.56,01/07/2023 12:27:02
67.41,49.09,33.80,69.00,4.90,1,1,4.61,70.81,1.12,7.43,01/07/2023 12:27:03
68.37,47.02,33.70,69.00,4.90,1,1,4.61,70.81,1.12,7.39,01/07/2023 12:27:04
65.51,48.01,33.70,69.00,4.90,1,1,4.61,70.81,1.12,7.37,01/07/2023 12:27:05
64.35,49.87,33.70,69.00,4.90,1,1,4.61,70.81,1.12,7.29,01/07/2023 12:27:06
68.57,45.13,33.70,69.00,4.90,1,1,4.61,70.81,1.12,7.23,01/07/2023 12:27:07
0.11,17.48,33.70,69.00,4.90,1,1,4.61,70.81,1.12,7.19,01/07/2023 12:27:08
0.07,16.97,33.70,69.00,4.90,1,1,4.61,70.81,1.12,6.86,01/07/2023 12:27:09
0.05,17.00,33.70,69.00,4.90,1,1,4.61,70.81,1.12,5.81,01/07/2023 12:27:10
0.11,16.88,33.70,69.00,4.90,1,1,4.61,70.81,1.12,4.93,01/07/2023 12:27:11
0.11,16.70,33.70,69.00,4.89,1,1,4.61,70.81,1.12,4.31,01/07/2023 12:27:12
0.11,16.70,33.70,69.00,4.90,1,1,4.61,70.81,1.12,3.95,01/07/2023 12:27:13
0.13,16.49,33.70,69.00,4.89,1,1,4.61,70.81,1.12,3.64,01/07/2023 12:27:14
0.11,16.34,33.70,69.00,4.90,1,1,4.61,70.81,1.12,3.21,01/07/2023 12:27:15
0.13,16.13,33.70,69.00,4.89,1,1,4.61,70.81,1.12,2.92,01/07/2023 12:27:16
0.09,16.07,33.70,69.00,4.89,1,1,4.61,70.81,1.12,2.69,01/07/2023 12:27:17
0.11,16.19,33.80,69.00,4.90,1,1,4.61,70.81,1.12,2.51,01/07/2023 12:27:18
0.09,16.07,33.80,69.00,4.90,1,1,4.61,70.81,1.12,2.28,01/07/2023 12:27:19
0.07,16.25,33.80,69.00,4.89,1,1,4.61,70.81,1.12,1.95,01/07/2023 12:27:20
0.05,16.52,33.80,69.00,4.90,1,1,4.61,70.81,1.12,1.92,01/07/2023 12:27:21
0.05,16.61,33.80,69.00,4.89,1,1,4.61,70.81,1.12,1.77,01/07/2023 12:27:22
0.13,16.67,33.80,69.00,4.90,1,1,4.61,70.81,1.12,1.58,01/07/2023 12:27:23
0.05,17.27,33.80,69.00,4.90,1,1,4.61,70.81,1.12,1.59,01/07/2023 12:27:24
0.11,17.30,33.80,69.00,4.90,1,1,4.61,70.81,1.12,1.46,01/07/2023 12:27:25
0.11,17.78,33.80,69.00,4.90,1,1,4.61,70.81,1.12,1.30,01/07/2023 12:27:26
0.09,18.20,33.80,69.00,4.90,1,1,4.61,70.81,1.12,1.36,01/07/2023 12:27:27
0.11,18.20,33.70,69.00,4.90,1,1,4.61,70.81,1.12,1.17,01/07/2023 12:27:28
0.15,18.62,33.70,69.00,4.90,1,1,4.61,70.81,1.12,1.05,01/07/2023 12:27:29
0.07,18.77,33.80,69.00,4.90,1,1,4.61,70.81,1.12,1.11,01/07/2023 12:27:30
0.07,18.71,33.80,69.00,4.90,1,1,4.61,70.81,1.12,0.88,01/07/2023 12:27:31
0.13,18.92,33.80,69.00,4.90,1,1,4.61,70.81,1.12,0.95,01/07/2023 12:27:32
0.07,18.56,33.80,69.00,4.90,1,1,4.61,70.81,1.12,0.93,01/07/2023 12:27:33
0.11,18.59,33.80,69.00,4.90,1,1,49.38,70.81,1.12,0.84,01/07/2023 12:27:34
0.29,18.35,33.80,69.00,4.90,1,1,49.38,70.81,1.12,0.95,01/07/2023 12:27:35
1.49,16.91,33.80,69.00,4.90,1,1,49.38,70.81,1.12,0.84,01/07/2023 12:27:36
3.75,14.87,33.80,69.00,4.90,1,1,49.38,70.81,1.12,0.84,01/07/2023 12:27:37
5.95,12.53,33.80,69.00,4.90,1,1,49.38,70.81,1.12,0.88,01/07/2023 12:27:38
7.01,11.27,33.80,69.00,4.90,1,1,49.38,70.81,1.12,0.88,01/07/2023 12:27:39
7.25,11.06,33.80,69.00,4.90,1,1,49.38,70.81,1.12,1.08,01/07/2023 12:27:40
8.33,9.62,33.80,69.00,4.90,1,1,49.38,70.81,1.12,1.28,01/07/2023 12:27:41
10.47,7.79,33.80,69.00,4.90,1,1,49.38,70.81,1.12,1.57,01/07/2023 12:27:42
14.11,4.52,33.80,69.00,4.90,1,1,49.38,70.81,1.12,2.02,01/07/2023 12:27:43
19.51,0.76,33.80,69.00,4.90,1,1,49.38,70.81,1.12,2.47,01/07/2023 12:27:44
23.29,4.00,33.80,69.00,4.90,1,1,49.38,70.81,1.12,2.69,01/07/2023 12:27:45
26.57,7.18,33.80,69.00,4.90,1,1,49.38,70.81,1.12,3.09,01/07/2023 12:27:46
27.19,7.72,33.80,69.00,4.90,1,1,49.38,70.81,1.12,3.60,01/07/2023 12:27:47
27.39,8.11,33.80,69.00,4.90,1,1,49.38,70.81,1.12,4.01,01/07/2023 12:27:48
27.79,7.42,33.80,69.00,4.90,1,1,49.38,70.81,1.12,4.39,01/07/2023 12:27:49
27.13,7.60,33.80,69.00,4.90,1,1,49.38,70.81,1.12,4.61,01/07/2023 12:27:50
27.13,6.73,33.80,69.00,4.90,1,1,49.38,70.81,1.12,4.94,01/07/2023 12:27:51
26.45,5.80,33.80,69.00,4.90,1,1,49.38,70.81,1.12,5.31,01/07/2023 12:27:52
34.81,14.83,33.80,69.00,4.90,1,1,49.38,70.81,1.12,5.49,01/07/2023 12:27:53
63.31,41.71,33.80,69.00,4.90,1,1,49.38,70.81,1.12,5.51,01/07/2023 12:27:54
76.71,52.93,33.80,69.00,4.90,1,1,49.38,70.81,1.12,5.77,01/07/2023 12:27:55
71.71,46.63,33.70,69.00,4.90,1,1,49.38,70.81,1.12,6.31,01/07/2023 12:27:56
66.99,44.95,33.70,69.00,4.91,1,1,49.38,70.81,1.12,6.75,01/07/2023 12:27:57
71.79,41.74,33.80,69.00,4.91,1,1,49.38,70.81,1.12,7.08,01/07/2023 12:27:58
68.17,44.05,33.80,69.00,4.91,1,1,49.38,70.81,1.12,7.45,01/07/2023 12:27:59
68.61,44.59,33.80,69.00,4.91,1,1,49.38,70.81,1.12,7.57,01/07/2023 12:28:00
66.91,43.87,33.80,69.00,4.91,1,1,49.38,70.81,1.12,7.59,01/07/2023 12:28:01
62.33,45.43,33.80,69.00,4.91,1,1,49.38,70.81,1.12,7.46,01/07/2023 12:28:02
65.45,43.87,33.80,69.00,4.91,1,1,49.38,70.81,1.12,7.36,01/07/2023 12:28:03
65.51,42.25,33.80,68.00,4.91,1,1,49.38,70.81,1.12,7.46,01/07/2023 12:28:04
66.55,42.91,33.80,68.00,4.91,1,1,49.38,70.81,1.12,7.61,01/07/2023 12:28:05
65.21,42.67,33.80,68.00,4.91,1,1,49.38,70.81,1.12,7.58,01/07/2023 12:28:06
66.67,40.69,33.80,68.00,4.91,1,1,49.38,70.81,1.12,7.38,01/07/2023 12:28:07
65.41,38.56,33.80,69.00,4.91,1,1,49.38,70.81,1.12,7.28,01/07/2023 12:28:08
68.43,41.89,33.80,69.00,4.91,1,1,49.38,70.81,1.12,7.44,01/07/2023 12:28:09
69.03,41.17,33.80,69.00,4.91,1,1,49.38,70.81,1.12,7.69,01/07/2023 12:28:10
66.59,38.20,33.80,69.00,4.91,1,1,49.38,70.81,1.12,7.81,01/07/2023 12:28:11
63.51,45.55,33.80,68.00,4.91,1,1,49.38,70.81,1.12,7.74,01/07/2023 12:28:12
66.55,40.81,33.80,68.00,4.91,1,1,49.38,70.81,1.12,7.74,01/07/2023 12:28:13
69.33,41.92,33.80,69.00,4.91,1,1,49.38,70.81,1.12,7.68,01/07/2023 12:28:14
65.71,41.44,33.80,69.00,4.91,1,1,49.38,70.81,1.12,7.73,01/07/2023 12:28:15
65.53,41.53,33.80,69.00,4.91,1,1,49.38,70.81,1.12,7.60,01/07/2023 12:28:16
64.99,41.83,33.80,69.00,4.91,1,1,49.38,70.81,1.12,7.45,01/07/2023 12:28:17
66.63,41.59,33.80,69.00,4.91,1,1,49.38,70.81,1.12,7.26,01/07/2023 12:28:18
66.63,42.22,33.80,69.00,4.91,1,1,49.38,70.81,1.12,7.18,01/07/2023 12:28:19
68.67,42.85,33.80,69.00,4.90,1,1,49.38,70.81,1.12,7.17,01/07/2023 12:28:20
41.81,18.31,33.80,69.00,4.91,1,1,49.38,70.81,1.12,7.29,01/07/2023 12:28:21
20.85,2.15,33.80,69.00,4.90,1,1,49.38,70.81,1.12,7.15,01/07/2023 12:28:22
13.45,8.45,33.80,69.00,4.91,1,1,49.38,70.81,1.12,6.44,01/07/2023 12:28:23
11.37,10.46,33.80,69.00,4.90,1,1,49.38,70.81,1.12,5.59,01/07/2023 12:28:24
10.91,9.71,33.80,69.00,4.90,1,1,49.38,70.81,1.12,5.00,01/07/2023 12:28:25
37.37,15.46,33.80,69.00,4.90,1,1,49.38,70.81,1.12,4.54,01/07/2023 12:28:26
51.51,28.75,33.80,69.00,4.91,1,1,49.38,70.81,1.12,4.36,01/07/2023 12:28:27
59.13,38.05,33.80,69.00,4.90,1,1,49.38,70.81,1.12,4.72,01/07/2023 12:28:28
63.71,42.43,33.80,69.00,4.90,1,1,49.38,70.81,1.12,5.15,01/07/2023 12:28:29
67.35,45.82,33.90,69.00,4.90,1,1,49.38,70.81,1.12,5.44,01/07/2023 12:28:30
68.89,46.42,33.90,69.00,4.90,1,1,49.38,70.81,1.12,5.69,01/07/2023 12:28:31
67.77,49.81,33.80,69.00,4.90,1,1,49.38,70.81,1.12,5.86,01/07/2023 12:28:32
67.59,52.09,33.80,69.00,4.89,1,1,49.38,70.81,1.12,5.86,01/07/2023 12:28:33
66.23,50.56,33.80,69.00,4.89,1,1,49.38,70.81,1.12,5.83,01/07/2023 12:28:34
66.53,50.59,33.80,69.00,4.89,1,1,49.38,70.81,1.12,5.83,01/07/2023 12:28:35
64.63,50.68,33.90,69.00,4.89,1,1,49.38,70.81,1.12,6.42,01/07/2023 12:28:36
64.77,50.53,33.90,69.00,4.89,1,1,49.38,70.81,1.12,6.61,01/07/2023 12:28:37
64.01,48.58,33.80,69.00,4.89,1,1,49.38,70.81,1.12,6.69,01/07/2023 12:28:38
59.93,43.93,33.80,69.00,4.89,1,1,49.38,70.81,1.12,6.69,01/07/2023 12:28:39
62.21,46.78,33.90,69.00,4.89,1,1,49.38,70.81,1.12,7.01,01/07/2023 12:28:40
68.87,52.12,33.90,69.00,4.90,1,1,49.38,70.81,1.12,6.98,01/07/2023 12:28:41
67.07,51.70,33.80,69.00,4.90,1,1,49.38,70.81,1.12,6.98,01/07/2023 12:28:42
66.37,48.46,33.80,69.00,4.90,1,1,49.38,70.81,1.12,7.11,01/07/2023 12:28:43
66.65,46.39,33.80,69.00,4.90,1,1,49.38,70.81,1.12,7.02,01/07/2023 12:28:44
56.11,37.00,33.80,69.00,4.90,1,1,49.38,70.81,1.12,6.96,01/07/2023 12:28:45
68.63,49.30,33.90,69.00,4.90,1,1,49.38,70.81,1.12,7.06,01/07/2023 12:28:46
68.75,46.99,33.90,69.00,4.90,1,1,49.38,70.81,1.12,7.32,01/07/2023 12:28:47
68.03,47.77,33.90,69.00,4.90,1,1,49.38,70.81,1.12,7.52,01/07/2023 12:28:48
66.43,44.65,33.90,69.00,4.90,1,1,49.38,70.81,1.12,7.35,01/07/2023 12:28:49
66.65,47.47,33.90,69.00,4.89,1,1,49.38,70.81,1.12,7.54,01/07/2023 12:28:50
64.05,50.32,33.90,69.00,4.89,1,1,49.38,70.81,1.12,7.62,01/07/2023 12:28:51
64.59,48.88,-5.00,-5.00,4.89,1,1,49.38,70.81,1.12,7.66,01/07/2023 12:28:52
63.69,50.44,-5.00,-5.00,4.89,1,1,49.38,70.81,1.12,7.79,01/07/2023 12:28:53
64.59,52.63,33.90,69.00,4.89,1,1,49.38,70.81,1.12,7.95,01/07/2023 12:28:54
66.55,49.75,33.90,69.00,4.89,1,1,49.38,70.81,1.12,7.99,01/07/2023 12:28:55
66.41,48.82,33.90,69.00,4.89,1,1,49.38,70.81,1.12,7.97,01/07/2023 12:28:56
61.79,52.96,33.90,69.00,4.89,1,1,49.38,70.81,1.12,7.95,01/07/2023 12:28:57
67.87,55.03,33.90,69.00,4.89,1,1,49.38,70.81,1.12,7.97,01/07/2023 12:28:58
64.27,49.87,33.90,69.00,4.89,1,1,49.38,70.81,1.12,7.85,01/07/2023 12:28:59
61.65,52.87,33.90,69.00,4.89,1,1,49.38,70.81,1.12,7.81,01/07/2023 12:29:00
65.93,52.45,33.90,69.00,4.89,1,1,49.38,70.81,1.12,7.70,01/07/2023 12:29:01
64.97,51.13,33.90,69.00,4.89,1,1,49.38,70.81,1.12,7.81,01/07/2023 12:29:02
64.35,52.39,33.90,69.00,4.89,1,1,49.38,70.81,1.12,7.87,01/07/2023 12:29:03
66.09,53.62,33.90,69.00,4.89,1,1,49.38,70.81,1.12,7.80,01/07/2023 12:29:04
62.35,51.25,33.90,69.00,4.89,1,1,49.38,70.81,1.12,7.64,01/07/2023 12:29:05
65.01,51.73,33.90,69.00,4.89,1,1,49.38,70.81,1.12,7.68,01/07/2023 12:29:06
65.91,50.86,33.90,69.00,4.89,1,1,49.38,70.81,1.12,7.78,01/07/2023 12:29:07
25.71,14.32,33.90,69.00,4.89,1,1,49.38,70.81,1.12,7.76,01/07/2023 12:29:08
10.01,1.07,33.90,69.00,4.89,1,1,49.38,70.81,1.12,7.49,01/07/2023 12:29:09
5.89,5.21,33.90,69.00,4.89,1,1,49.38,70.81,1.12,6.75,01/07/2023 12:29:10
4.81,5.78,33.90,69.00,4.89,1,1,49.38,70.81,1.12,5.88,01/07/2023 12:29:11
5.31,5.72,33.90,69.00,4.89,1,1,49.38,70.81,1.12,5.31,01/07/2023 12:29:12
5.39,5.39,33.90,69.00,4.89,1,1,49.38,70.81,1.12,5.00,01/07/2023 12:29:13
6.49,4.40,33.90,69.00,4.89,1,1,49.38,70.81,1.12,4.67,01/07/2023 12:29:14
7.75,3.20,33.90,69.00,4.89,1,1,49.38,70.81,1.12,4.57,01/07/2023 12:29:15
8.67,2.48,33.90,69.00,4.89,1,1,49.38,70.81,1.12,4.32,01/07/2023 12:29:16
8.87,2.03,33.90,68.00,4.89,1,1,49.38,70.81,1.12,4.14,01/07/2023 12:29:17
9.07,1.61,33.90,68.00,4.89,1,1,49.38,70.81,1.12,3.97,01/07/2023 12:29:18
9.35,1.67,33.80,68.00,4.88,1,1,49.38,70.81,1.12,3.93,01/07/2023 12:29:19
9.17,1.58,33.80,68.00,4.89,1,1,49.38,70.81,1.12,4.04,01/07/2023 12:29:20
13.57,2.53,33.90,68.00,4.89,1,1,49.38,70.81,1.12,4.18,01/07/2023 12:29:21
14.49,3.52,33.90,68.00,4.89,1,1,49.38,70.81,1.12,4.18,01/07/2023 12:29:22
17.91,7.03,33.90,69.00,4.89,1,1,49.38,70.81,1.12,4.05,01/07/2023 12:29:23
30.23,20.11,33.90,69.00,4.89,1,1,49.38,70.81,1.12,3.93,01/07/2023 12:29:24
33.27,21.94,33.90,69.00,4.89,1,1,49.38,70.81,1.12,4.29,01/07/2023 12:29:25
34.83,23.08,33.90,69.00,4.89,1,1,49.38,70.81,1.12,4.91,01/07/2023 12:29:26
35.39,24.34,33.90,68.00,4.89,1,1,49.38,70.81,1.12,5.38,01/07/2023 12:29:27
34.79,23.83,33.90,68.00,4.89,1,1,49.38,70.81,1.12,5.81,01/07/2023 12:29:28
70.23,57.94,33.90,69.00,4.89,1,1,49.38,70.81,1.12,5.83,01/07/2023 12:29:29
70.17,57.28,33.90,69.00,4.89,1,1,49.38,70.81,1.12,6.04,01/07/2023 12:29:30
67.11,56.08,33.90,69.00,4.89,1,1,49.38,70.81,1.12,6.66,01/07/2023 12:29:31
69.01,57.40,33.90,69.00,4.89,1,1,49.38,70.81,1.12,7.13,01/07/2023 12:29:32
66.21,55.69,33.90,68.00,4.89,1,1,49.38,70.81,1.12,7.38,01/07/2023 12:29:33
65.97,52.03,33.90,68.00,4.89,1,1,49.38,70.81,1.12,7.44,01/07/2023 12:29:34
65.19,53.95,33.90,69.00,4.89,1,1,49.38,70.81,1.12,7.58,01/07/2023 12:29:35
65.25,50.77,33.90,69.00,4.89,1,1,49.38,70.81,1.12,7.75,01/07/2023 12:29:36
66.65,53.29,33.90,69.00,4.89,1,1,49.38,70.81,1.12,7.85,01/07/2023 12:29:37
60.13,53.89,33.90,69.00,4.89,1,1,49.38,70.81,1.12,7.80,01/07/2023 12:29:38
66.15,51.76,33.90,68.00,4.88,1,1,49.38,70.81,1.12,7.91,01/07/2023 12:29:39
65.55,51.40,33.90,68.00,4.89,1,1,49.38,70.81,1.12,7.97,01/07/2023 12:29:40
66.23,50.92,33.90,69.00,4.89,1,1,49.38,70.81,1.12,7.74,01/07/2023 12:29:41
63.41,53.02,33.90,69.00,4.89,1,1,49.38,70.81,1.12,7.83,01/07/2023 12:29:42
65.15,54.82,33.90,68.00,4.89,1,1,49.38,70.81,1.12,7.91,01/07/2023 12:29:43
63.57,53.08,33.90,68.00,4.89,1,1,49.38,70.81,1.12,7.72,01/07/2023 12:29:44
48.67,37.90,33.90,68.00,4.89,1,1,49.38,70.81,1.12,7.43,01/07/2023 12:29:45
23.55,11.17,33.90,68.00,4.89,1,1,49.38,70.81,1.12,7.10,01/07/2023 12:29:46
14.73,3.40,33.90,68.00,4.89,1,1,49.38,70.81,1.12,6.23,01/07/2023 12:29:47
68.55,55.57,33.90,68.00,4.89,1,1,49.38,70.81,1.12,5.24,01/07/2023 12:29:48
74.25,62.02,33.90,68.00,4.89,1,1,49.38,70.81,1.12,4.81,01/07/2023 12:29:49
71.01,62.17,33.90,68.00,4.89,1,1,49.38,70.81,1.12,5.26,01/07/2023 12:29:50
11.95,0.07,33.90,69.00,4.89,1,1,49.38,70.81,1.12,5.56,01/07/2023 12:29:51
0.23,11.15,33.90,69.00,4.89,1,1,49.38,70.81,1.12,5.62,01/07/2023 12:29:52
0.07,11.24,33.90,69.00,4.89,1,1,49.38,70.81,1.12,4.68,01/07/2023 12:29:53
49.55,37.42,33.90,69.00,4.89,1,1,49.38,70.81,1.12,3.80,01/07/2023 12:29:54
20.51,10.18,33.90,69.00,4.89,1,1,49.38,70.81,1.12,2.85,01/07/2023 12:29:55
28.09,17.98,33.90,69.00,4.89,1,1,49.38,70.81,1.12,2.34,01/07/2023 12:29:56
17.17,4.54,33.90,69.00,4.89,1,1,49.38,70.81,1.12,1.68,01/07/2023 12:29:57
0.13,10.82,33.90,69.00,4.89,1,1,49.38,70.81,1.12,1.23,01/07/2023 12:29:58
0.17,10.91,33.90,69.00,4.89,1,1,49.38,70.81,1.12,1.03,01/07/2023 12:29:59
0.09,10.91,33.90,69.00,4.89,1,1,49.38,70.81,1.12,0.76,01/07/2023 12:30:00
0.13,10.79,33.90,69.00,4.89,1,1,49.38,70.81,1.12,0.81,01/07/2023 12:30:01
0.13,10.76,33.90,69.00,4.89,1,1,49.38,70.81,1.12,0.55,01/07/2023 12:30:02
0.19,11.15,33.90,69.00,4.89,1,1,49.38,70.81,1.12,0.53,01/07/2023 12:30:03
0.11,11.18,33.90,69.00,4.89,1,1,49.38,70.81,1.12,0.33,01/07/2023 12:30:04
0.15,11.18,33.90,69.00,4.89,1,1,49.38,70.81,1.12,0.35,01/07/2023 12:30:05
0.07,11.24,33.90,69.00,4.89,1,1,49.38,70.81,1.12,0.33,01/07/2023 12:30:06
0.13,11.27,33.90,69.00,4.89,1,1,49.38,70.81,1.12,0.32,01/07/2023 12:30:07
0.15,11.42,33.90,69.00,4.89,1,1,49.38,70.81,1.12,0.29,01/07/2023 12:30:08
0.21,11.30,33.90,69.00,4.89,1,1,49.38,70.81,1.12,0.31,01/07/2023 12:30:09
0.13,11.45,33.90,69.00,4.89,1,1,49.38,70.81,1.12,0.29,01/07/2023 12:30:10
0.11,11.36,33.90,69.00,4.89,1,1,49.38,70.81,1.12,0.35,01/07/2023 12:30:11
0.13,11.51,33.90,69.00,4.89,1,1,49.38,70.81,1.12,0.33,01/07/2023 12:30:12
0.13,11.51,33.90,69.00,4.88,1,1,49.38,70.81,1.12,0.33,01/07/2023 12:30:13
0.19,11.54,33.90,69.00,4.89,1,1,49.38,0.07,1.12,0.30,01/07/2023 12:30:14
0.17,11.54,33.90,69.00,4.89,1,1,49.38,0.07,1.12,0.24,01/07/2023 12:30:15
0.11,11.63,33.90,69.00,4.89,1,1,49.38,0.07,1.12,0.20,01/07/2023 12:30:16
0.17,11.66,33.90,69.00,4.89,1,1,49.38,0.07,1.12,0.18,01/07/2023 12:30:17
0.17,11.78,33.90,69.00,4.89,1,1,49.38,0.07,1.12,0.20,01/07/2023 12:30:18
0.17,11.69,33.90,69.00,4.89,1,1,49.38,0.07,1.12,0.35,01/07/2023 12:30:22
0.17,11.84,33.90,69.00,4.89,1,1,49.38,0.07,1.12,0.35,01/07/2023 12:30:22
0.15,11.84,33.90,69.00,4.89,1,1,49.38,0.07,1.12,0.35,01/07/2023 12:30:22
0.15,11.00,33.90,69.00,4.89,1,1,49.38,0.07,1.12,0.35,01/07/2023 12:30:22
0.17,11.39,33.90,69.00,4.89,1,1,49.38,0.07,1.12,0.29,01/07/2023 12:30:23
0.15,11.39,33.90,69.00,4.89,1,1,49.38,0.07,1.12,0.31,01/07/2023 12:30:24
0.19,11.57,33.90,69.00,4.89,1,1,49.38,0.07,1.12,0.31,01/07/2023 12:30:25
0.11,11.48,33.90,69.00,4.89,1,1,49.38,0.07,1.12,0.08,01/07/2023 12:30:26
0.15,11.51,33.90,69.00,4.89,1,1,49.38,0.07,1.12,0.06,01/07/2023 12:30:27
0.17,11.96,33.90,69.00,4.89,1,1,49.38,0.07,1.12,0.09,01/07/2023 12:30:28
0.19,11.87,33.90,69.00,4.89,1,1,49.38,0.07,1.12,0.08,01/07/2023 12:30:29
0.15,11.75,33.90,69.00,4.89,1,1,49.38,0.07,1.12,0.07,01/07/2023 12:30:30
0.19,11.63,33.90,69.00,4.89,1,1,49.38,0.07,1.12,0.29,01/07/2023 12:30:31
0.11,11.39,33.90,69.00,4.89,1,1,49.38,0.07,1.12,0.28,01/07/2023 12:30:32
0.15,11.36,33.90,69.00,4.89,1,1,49.38,0.07,1.12,0.23,01/07/2023 12:30:33
0.03,10.88,33.90,69.00,4.89,1,1,49.38,0.07,1.12,0.19,01/07/2023 12:30:34
0.13,11.12,33.90,69.00,4.89,1,1,49.38,0.07,1.12,0.08,01/07/2023 12:30:35
0.09,11.33,33.90,69.00,4.89,1,1,49.38,0.07,1.12,0.33,01/07/2023 12:30:36
0.11,11.45,33.90,69.00,4.89,1,1,49.38,0.07,1.12,0.41,01/07/2023 12:30:37
0.13,11.45,33.90,69.00,4.89,1,1,49.38,0.07,1.12,0.52,01/07/2023 12:30:38
0.17,11.39,33.90,69.00,4.89,1,1,49.38,0.07,1.12,0.70,01/07/2023 12:30:39
0.19,11.33,33.90,69.00,4.89,1,1,49.38,0.07,1.12,0.72,01/07/2023 12:30:40
0.11,11.33,33.90,69.00,4.89,1,1,49.38,0.07,1.12,0.70,01/07/2023 12:30:41
0.43,11.36,33.90,69.00,4.89,1,1,49.38,0.07,1.12,0.77,01/07/2023 12:30:42
0.39,11.12,33.90,69.00,4.89,1,1,49.38,0.07,1.12,0.59,01/07/2023 12:30:43
0.37,11.09,33.90,69.00,4.88,1,1,49.38,0.07,1.12,0.35,01/07/2023 12:30:44
0.43,11.60,33.90,69.00,4.88,1,1,49.38,0.07,1.12,0.35,01/07/2023 12:30:45
0.37,11.66,33.90,69.00,4.89,1,1,49.38,0.07,1.12,0.40,01/07/2023 12:30:46
0.39,11.81,33.90,69.00,4.89,1,1,49.38,0.07,1.12,0.56,01/07/2023 12:30:47
0.39,11.78,33.90,69.00,4.89,1,1,49.38,0.07,1.12,0.64,01/07/2023 12:30:48
0.35,11.78,33.90,69.00,4.89,1,1,49.38,0.07,1.12,0.55,01/07/2023 12:30:49
0.41,11.81,33.90,69.00,4.89,1,1,49.38,0.07,1.12,0.41,01/07/2023 12:30:50
0.35,11.84,33.90,68.00,4.89,1,1,49.38,0.07,1.12,0.39,01/07/2023 12:30:51
0.43,11.87,33.90,68.00,4.89,1,1,49.38,0.07,1.12,0.39,01/07/2023 12:30:52
0.41,11.84,33.90,68.00,4.89,1,1,49.38,0.07,1.12,0.36,01/07/2023 12:30:53
0.41,11.87,33.90,68.00,4.89,1,1,49.38,0.07,1.12,0.56,01/07/2023 12:30:54
0.41,11.90,33.90,68.00,4.89,1,1,49.38,0.07,1.12,0.57,01/07/2023 12:30:55
0.39,12.11,33.90,68.00,4.89,1,1,49.38,80.77,1.12,0.44,01/07/2023 12:30:56
0.43,12.26,33.90,68.00,4.89,1,1,49.38,80.77,1.12,0.31,01/07/2023 12:30:57
0.41,12.20,33.90,68.00,4.89,1,1,49.38,80.77,1.12,0.28,01/07/2023 12:30:58
0.37,12.35,33.90,68.00,4.89,1,1,49.38,80.77,1.12,0.28,01/07/2023 12:30:59
0.35,12.23,33.90,68.00,4.89,1,1,49.38,80.77,1.12,0.33,01/07/2023 12:31:00
0.35,12.23,33.90,68.00,4.89,1,1,49.38,80.77,1.12,0.33,01/07/2023 12:31:01
0.37,12.29,33.90,68.00,4.89,1,1,49.38,80.77,1.12,0.32,01/07/2023 12:31:02
0.39,12.38,33.90,68.00,4.89,1,1,49.38,80.77,1.12,0.47,01/07/2023 12:31:03
0.39,12.50,33.90,68.00,4.89,1,1,49.38,80.77,1.12,0.31,01/07/2023 12:31:04
0.41,12.50,33.90,68.00,4.89,1,1,49.38,80.77,1.12,0.42,01/07/2023 12:31:05
0.41,12.56,33.90,68.00,4.89,1,1,49.38,80.77,1.12,0.41,01/07/2023 12:31:06
0.37,12.65,33.90,68.00,4.89,1,1,49.38,80.77,1.12,0.31,01/07/2023 12:31:07
0.37,12.77,33.90,68.00,4.89,1,1,49.38,80.77,1.12,0.31,01/07/2023 12:31:08
0.39,12.89,33.90,68.00,4.89,1,1,49.38,80.77,1.12,0.29,01/07/2023 12:31:09
0.41,12.92,33.90,68.00,4.89,1,1,49.38,80.77,1.12,0.37,01/07/2023 12:31:10
0.47,12.35,33.90,68.00,4.89,1,1,49.38,80.77,1.12,0.54,01/07/2023 12:31:11
0.39,12.92,33.90,68.00,4.89,1,1,49.38,80.77,1.12,0.71,01/07/2023 12:31:12
0.41,12.95,33.90,68.00,4.89,1,1,49.38,80.77,1.12,0.76,01/07/2023 12:31:13
0.37,12.98,33.90,68.00,4.89,1,1,49.38,80.77,1.12,0.70,01/07/2023 12:31:14
0.39,13.01,33.90,68.00,4.89,1,1,49.38,80.77,1.12,0.60,01/07/2023 12:31:15
0.37,12.92,33.90,68.00,4.89,1,1,49.38,80.77,1.12,0.68,01/07/2023 12:31:16
0.37,12.89,33.90,68.00,4.89,1,1,49.38,80.77,1.12,0.98,01/07/2023 12:31:17
0.35,12.80,33.90,68.00,4.89,1,1,49.38,80.77,1.12,1.03,01/07/2023 12:31:18
0.35,12.74,33.90,68.00,4.89,1,1,49.38,80.77,1.12,0.94,01/07/2023 12:31:19
0.37,12.65,33.90,68.00,4.89,1,1,49.38,80.77,1.12,0.91,01/07/2023 12:31:20
0.37,12.53,33.90,68.00,4.88,1,1,49.38,80.77,1.12,0.82,01/07/2023 12:31:21
0.43,12.41,33.90,68.00,4.89,1,1,49.38,80.77,1.12,0.72,01/07/2023 12:31:22
0.39,12.23,33.90,68.00,4.89,1,1,49.38,80.77,1.12,0.60,01/07/2023 12:31:23
0.45,12.17,33.90,68.00,4.89,1,1,49.38,80.77,1.12,0.45,01/07/2023 12:31:24
0.43,12.11,33.90,68.00,4.89,1,1,49.38,80.77,1.12,0.45,01/07/2023 12:31:25
0.39,12.11,33.90,68.00,4.89,1,1,49.38,80.77,1.12,0.09,01/07/2023 12:31:26
0.39,12.17,33.90,68.00,4.89,1,1,49.38,80.77,1.12,0.06,01/07/2023 12:31:27
0.41,12.17,33.90,68.00,4.89,1,1,49.38,80.77,1.12,0.09,01/07/2023 12:31:28
0.41,12.17,33.90,68.00,4.89,1,1,49.38,80.77,1.12,0.37,01/07/2023 12:31:29
0.37,12.02,33.90,68.00,4.89,1,1,49.38,80.77,1.12,0.35,01/07/2023 12:31:30
0.41,12.02,33.90,68.00,4.89,1,1,49.38,80.77,1.12,0.33,01/07/2023 12:31:31
0.41,12.05,33.90,68.00,4.89,1,1,49.38,80.77,1.12,0.33,01/07/2023 12:31:32
0.37,11.87,33.90,68.00,4.89,1,1,49.38,80.77,1.12,0.29,01/07/2023 12:31:33
0.37,11.78,33.90,68.00,4.89,1,1,49.38,80.77,1.12,0.29,01/07/2023 12:31:34
0.39,11.54,33.90,68.00,4.89,1,1,49.38,80.77,1.12,0.43,01/07/2023 12:31:35
0.39,11.63,33.90,68.00,4.89,1,1,49.38,80.77,1.12,0.30,01/07/2023 12:31:36
0.35,11.54,33.90,68.00,4.89,1,1,49.38,80.77,1.12,0.23,01/07/2023 12:31:37
0.45,11.51,33.90,68.00,4.89,1,1,49.38,80.77,1.12,0.15,01/07/2023 12:31:38
0.39,11.48,33.90,68.00,4.89,1,1,49.38,80.77,1.12,0.07,01/07/2023 12:31:39
0.41,11.33,33.90,68.00,4.89,1,1,49.38,80.77,1.12,0.10,01/07/2023 12:31:40
0.41,11.33,33.90,68.00,4.89,1,1,49.38,80.77,1.12,0.05,01/07/2023 12:31:41
0.37,11.30,33.90,68.00,4.89,1,1,49.38,80.77,1.12,0.03,01/07/2023 12:31:42
0.37,11.24,33.90,68.00,4.89,1,1,49.38,80.77,1.12,0.29,01/07/2023 12:31:53
0.41,11.21,33.90,68.00,4.89,1,1,49.38,80.77,1.12,0.29,01/07/2023 12:31:53
0.41,11.03,33.90,68.00,4.89,1,1,49.38,80.77,1.12,0.29,01/07/2023 12:31:53
0.39,11.06,33.90,68.00,4.89,1,1,49.38,80.77,1.12,0.29,01/07/2023 12:31:53
0.35,10.91,33.90,68.00,4.89,1,1,49.38,80.77,1.12,0.29,01/07/2023 12:31:53
0.43,10.85,33.90,68.00,4.88,1,1,49.38,80.77,1.12,0.29,01/07/2023 12:31:53
0.43,10.91,33.90,68.00,4.88,1,1,49.38,80.77,1.12,0.29,01/07/2023 12:31:53
0.37,10.97,33.90,68.00,4.89,1,1,49.38,80.77,1.12,0.15,01/07/2023 12:31:55
0.33,10.94,33.90,68.00,4.89,1,1,49.38,80.77,1.12,0.08,01/07/2023 12:31:56
0.39,10.94,33.90,68.00,4.89,1,1,49.38,80.77,1.12,0.13,01/07/2023 12:31:56
0.39,10.97,33.90,68.00,4.89,1,1,49.38,80.77,1.12,0.28,01/07/2023 12:31:57
0.35,10.91,33.90,68.00,4.89,1,1,49.38,80.77,1.12,0.29,01/07/2023 12:31:58
0.41,10.97,33.90,68.00,4.89,1,1,49.38,80.77,1.12,0.29,01/07/2023 12:31:59
0.37,11.00,33.90,68.00,4.89,1,1,49.38,80.77,1.12,0.30,01/07/2023 12:32:00
0.39,10.97,33.90,68.00,4.89,1,1,49.38,80.77,1.12,0.30,01/07/2023 12:32:01
0.35,10.91,33.90,68.00,4.89,1,1,49.38,80.77,1.12,0.32,01/07/2023 12:32:02
0.39,10.97,33.90,68.00,4.89,1,1,49.38,80.77,1.12,0.31,01/07/2023 12:32:03
0.39,10.91,33.90,69.00,4.89,1,1,49.38,80.77,1.12,0.20,01/07/2023 12:32:04
0.35,11.06,33.90,69.00,4.89,1,1,49.38,80.77,1.12,0.15,01/07/2023 12:32:05
0.45,11.03,33.90,68.00,4.89,1,1,49.38,80.77,1.12,0.07,01/07/2023 12:32:07
0.45,11.00,33.90,68.00,4.89,1,1,49.38,80.77,1.12,0.06,01/07/2023 12:32:07
0.41,11.09,33.90,68.00,4.89,1,1,49.38,80.77,1.12,0.08,01/07/2023 12:32:09
0.41,11.00,33.90,68.00,4.89,1,1,49.38,80.77,1.12,0.37,01/07/2023 12:32:09
0.37,10.94,33.90,69.00,4.89,1,1,49.38,80.77,1.12,0.57,01/07/2023 12:32:10
0.41,11.00,33.90,69.00,4.89,1,1,49.38,80.77,1.12,0.66,01/07/2023 12:32:11
0.41,10.97,33.90,69.00,4.89,1,1,49.38,80.77,1.12,0.83,01/07/2023 12:32:12
0.39,10.88,33.90,69.00,4.89,1,1,49.38,80.77,1.12,0.84,01/07/2023 12:32:13
0.37,10.88,33.90,68.00,4.89,1,1,49.38,80.77,1.12,0.89,01/07/2023 12:32:14
0.39,10.94,33.90,68.00,4.89,1,1,49.38,80.77,1.12,1.03,01/07/2023 12:32:15
0.35,10.94,33.90,68.00,4.89,1,1,49.38,80.77,1.12,0.99,01/07/2023 12:32:17
0.41,11.03,33.90,68.00,4.89,1,1,49.38,80.77,1.12,0.99,01/07/2023 12:32:17
0.39,11.03,33.90,68.00,4.89,1,1,49.38,80.77,1.12,0.99,01/07/2023 12:32:18
0.39,11.00,33.90,68.00,4.89,1,1,49.38,80.77,1.12,0.93,01/07/2023 12:32:19
0.41,11.15,33.90,69.00,4.89,1,1,49.38,80.77,1.12,0.91,01/07/2023 12:32:20
0.39,11.12,33.90,69.00,4.89,1,1,49.38,80.77,1.12,0.95,01/07/2023 12:32:21
0.43,11.15,33.90,69.00,4.89,1,1,49.38,80.77,1.12,0.91,01/07/2023 12:32:22
0.39,11.18,33.90,69.00,4.89,1,1,49.38,80.77,1.12,0.84,01/07/2023 12:32:23
0.39,11.21,33.90,69.00,4.89,1,1,49.38,80.77,1.12,0.76,01/07/2023 12:32:24
0.33,11.27,33.90,69.00,4.89,1,1,49.38,80.77,1.12,0.82,01/07/2023 12:32:25
0.37,11.15,33.90,69.00,4.89,1,1,49.38,80.77,1.12,0.89,01/07/2023 12:32:26
0.37,11.24,33.90,69.00,4.89,1,1,49.38,80.77,11.10,0.95,01/07/2023 12:32:27
0.41,11.30,33.90,69.00,4.89,1,1,49.38,80.77,11.10,0.93,01/07/2023 12:32:28
0.43,11.42,33.90,69.00,4.89,1,1,49.38,80.77,11.10,1.01,01/07/2023 12:32:29
0.41,11.51,33.90,69.00,4.89,1,1,49.38,80.77,11.10,0.97,01/07/2023 12:32:30
0.39,11.57,33.90,69.00,4.89,1,1,49.38,80.77,11.10,1.01,01/07/2023 12:32:31
0.41,11.51,33.90,68.00,4.89,1,1,49.38,80.77,11.10,0.84,01/07/2023 12:32:32
0.43,11.60,33.90,68.00,4.89,1,1,49.38,80.77,11.10,0.74,01/07/2023 12:32:33
0.41,11.72,33.90,68.00,4.89,1,1,49.38,80.77,11.10,0.61,01/07/2023 12:32:34
0.41,11.87,33.90,68.00,4.89,1,1,49.38,80.77,11.10,0.40,01/07/2023 12:32:35
0.37,12.02,33.90,68.00,4.89,1,1,49.38,80.77,11.10,0.37,01/07/2023 12:32:36
0.43,12.02,33.90,68.00,4.89,1,1,49.38,80.77,11.10,0.39,01/07/2023 12:32:37
0.39,12.02,33.90,68.00,4.89,1,1,49.38,80.77,11.10,0.37,01/07/2023 12:32:38
0.35,12.11,33.90,68.00,4.89,1,1,49.38,80.77,11.10,0.31,01/07/2023 12:32:39
0.41,12.11,33.90,68.00,4.89,1,1,49.38,80.77,11.10,0.41,01/07/2023 12:32:40
0.39,12.17,33.90,68.00,4.89,1,1,49.38,80.77,11.10,0.37,01/07/2023 12:32:41
0.43,12.08,33.90,69.00,4.89,1,1,49.38,80.77,11.10,0.37,01/07/2023 12:32:42
0.33,12.41,33.90,69.00,4.89,1,1,49.38,80.77,11.10,0.30,01/07/2023 12:32:43
0.43,12.47,33.90,69.00,4.89,1,1,49.38,80.77,11.10,0.33,01/07/2023 12:32:44
0.45,12.53,33.90,69.00,4.89,1,1,49.38,80.77,11.10,0.19,01/07/2023 12:32:45
0.35,12.71,33.90,68.00,4.89,1,1,49.38,80.77,11.10,0.15,01/07/2023 12:32:46
0.39,12.86,33.90,68.00,4.89,1,1,49.38,80.77,11.10,0.13,01/07/2023 12:32:50
0.49,13.01,33.90,68.00,4.89,1,1,49.38,80.77,11.10,0.13,01/07/2023 12:32:50
0.41,13.37,33.90,68.00,4.89,1,1,49.38,80.77,11.10,0.13,01/07/2023 12:32:50
0.45,13.37,33.90,68.00,4.89,1,1,49.38,80.77,11.10,0.06,01/07/2023 12:32:50
0.41,13.49,33.90,68.00,4.89,1,1,49.38,80.77,11.10,0.03,01/07/2023 12:32:51
0.39,13.70,33.90,68.00,4.89,1,1,49.38,80.77,11.10,0.09,01/07/2023 12:32:52
0.43,13.91,33.90,68.00,4.89,1,1,49.38,80.77,11.10,0.09,01/07/2023 12:32:53
0.41,14.15,33.90,68.00,4.89,1,1,49.38,80.77,11.10,0.07,01/07/2023 12:32:54
0.39,14.36,33.90,68.00,4.89,1,1,49.38,80.77,11.10,0.04,01/07/2023 12:32:55
0.45,14.42,33.90,68.00,4.89,1,1,49.38,80.77,11.10,0.02,01/07/2023 12:32:56
0.45,14.36,33.90,68.00,4.88,1,1,49.38,80.77,11.10,0.02,01/07/2023 12:32:57
0.37,14.39,33.90,68.00,4.89,1,1,49.38,80.77,11.10,0.01,01/07/2023 12:32:58
0.39,14.75,33.90,68.00,4.89,1,1,49.38,80.77,11.10,0.02,01/07/2023 12:32:59
0.43,15.05,33.90,68.00,4.89,1,1,49.38,80.77,11.10,0.01,01/07/2023 12:33:00
0.35,15.17,33.90,68.00,4.89,1,1,49.38,80.77,11.10,0.00,01/07/2023 12:33:01
0.37,15.47,33.90,68.00,4.89,1,1,49.38,80.77,11.10,0.02,01/07/2023 12:33:02
0.41,15.95,33.90,68.00,4.89,1,1,49.38,80.77,11.10,0.01,01/07/2023 12:33:03
0.33,16.19,33.90,68.00,4.89,1,1,49.38,80.77,11.10,0.00,01/07/2023 12:33:04
0.33,16.49,33.90,68.00,4.89,1,1,49.38,80.77,11.10,0.02,01/07/2023 12:33:05
0.41,16.76,33.90,68.00,4.90,1,1,49.38,80.77,11.10,0.01,01/07/2023 12:33:06
0.39,17.09,33.90,68.00,4.89,1,1,49.38,80.77,11.10,0.00,01/07/2023 12:33:07
0.41,17.39,33.90,68.00,4.90,1,1,49.38,80.77,11.10,0.12,01/07/2023 12:33:08
0.39,17.45,33.90,68.00,4.90,1,1,49.38,80.77,11.10,0.13,01/07/2023 12:33:09
0.37,17.72,33.90,68.00,4.90,1,1,49.38,80.77,11.10,0.11,01/07/2023 12:33:10
0.43,18.05,33.90,68.00,4.90,1,1,49.38,80.77,11.10,0.10,01/07/2023 12:33:11
0.39,18.98,33.90,68.00,4.90,1,1,49.38,80.77,11.10,0.04,01/07/2023 12:33:12
0.39,19.31,33.90,68.00,4.90,1,1,49.38,80.77,11.10,0.09,01/07/2023 12:33:13
0.39,19.58,33.90,68.00,4.90,1,1,49.38,80.77,11.10,0.05,01/07/2023 12:33:14
0.49,19.85,33.90,68.00,4.90,1,1,49.38,80.77,11.10,0.07,01/07/2023 12:33:15
0.39,19.91,33.90,68.00,4.90,1,1,49.38,80.77,11.10,0.04,01/07/2023 12:33:16
0.47,20.12,33.90,68.00,4.90,1,1,49.38,80.77,11.10,0.02,01/07/2023 12:33:17
0.39,20.15,33.90,68.00,4.90,1,1,49.38,80.77,11.10,0.06,01/07/2023 12:33:18
0.37,20.09,33.90,68.00,4.90,1,1,49.38,80.77,11.10,0.05,01/07/2023 12:33:19
0.41,20.18,33.90,68.00,4.90,1,1,49.38,80.77,11.10,0.08,01/07/2023 12:33:20
0.39,20.24,33.90,68.00,4.90,1,1,49.38,80.77,11.10,0.03,01/07/2023 12:33:21
0.39,20.33,33.90,68.00,4.90,1,1,49.38,80.77,11.10,0.10,01/07/2023 12:33:22
0.35,20.54,33.90,68.00,4.90,1,1,49.38,80.77,11.10,0.18,01/07/2023 12:33:23
0.41,20.87,33.90,68.00,4.90,1,1,49.38,80.77,11.10,0.25,01/07/2023 12:33:24
0.39,20.48,33.90,68.00,4.90,1,1,49.38,80.77,11.10,0.27,01/07/2023 12:33:25
0.41,20.00,34.00,68.00,4.90,1,1,49.38,80.77,11.10,0.24,01/07/2023 12:33:26
0.39,19.85,34.00,68.00,4.90,1,1,49.38,80.77,11.10,0.14,01/07/2023 12:33:27
0.41,19.55,33.90,68.00,4.90,1,1,49.38,80.77,11.10,0.17,01/07/2023 12:33:28
0.45,19.31,33.90,68.00,4.90,1,1,49.38,80.77,11.10,0.17,01/07/2023 12:33:29
0.39,18.62,33.90,68.00,4.90,1,1,49.38,80.77,11.10,0.14,01/07/2023 12:33:30
0.39,18.20,33.90,68.00,4.90,1,1,49.38,80.77,11.10,0.17,01/07/2023 12:33:31
0.35,17.81,33.90,68.00,4.90,1,1,49.38,80.77,11.10,0.17,01/07/2023 12:33:32
0.41,15.74,33.90,69.00,4.89,1,1,49.38,80.77,11.10,0.32,01/07/2023 12:33:36
0.39,15.05,33.90,69.00,4.89,1,1,49.38,80.77,11.10,0.34,01/07/2023 12:33:37
0.41,14.39,34.00,68.00,4.89,1,1,49.38,80.77,11.10,0.34,01/07/2023 12:33:38
0.39,13.79,34.00,68.00,4.89,1,1,49.38,80.77,11.10,0.22,01/07/2023 12:33:39
0.39,13.25,33.90,69.00,4.89,1,1,49.38,80.77,11.10,0.15,01/07/2023 12:33:40
0.39,12.89,33.90,69.00,4.89,1,1,49.38,80.77,11.10,0.11,01/07/2023 12:33:41
0.41,12.71,33.90,69.00,4.89,1,1,49.38,80.77,11.10,0.09,01/07/2023 12:33:42