66.11,55.72,34.80,43.00,4.88,1,1,46.85,77.65,13.00,0,01/07/2023 10:03:07
68.09,54.40,34.80,43.00,4.88,1,1,46.85,77.65,13.00,0,01/07/2023 10:03:08
66.31,51.43,34.80,43.00,4.89,1,1,46.85,77.65,13.00,0,01/07/2023 10:03:09
65.87,54.49,34.80,43.00,4.88,1,1,46.85,77.65,13.00,0,01/07/2023 10:03:10
48.17,36.37,34.80,43.00,4.88,1,1,46.85,77.65,13.00,0,01/07/2023 10:03:11
37.83,24.55,34.80,43.00,4.88,1,1,46.85,77.65,13.00,0,01/07/2023 10:03:12
35.03,21.97,34.80,43.00,4.88,1,1,46.85,77.65,13.00,0,01/07/2023 10:03:13
33.67,21.76,34.90,43.00,4.88,1,1,46.85,77.65,13.00,0,01/07/2023 10:03:14
33.95,23.44,34.90,43.00,4.88,1,1,46.85,77.65,13.00,0,01/07/2023 10:03:15
34.63,21.67,34.80,43.00,4.88,1,1,46.85,77.65,13.00,0,01/07/2023 10:03:16
35.01,20.92,34.80,43.00,4.88,1,1,46.87,77.65,13.00,0,01/07/2023 10:03:17
35.11,24.88,34.80,43.00,4.88,1,1,46.87,77.65,13.00,0,01/07/2023 10:03:18
34.99,23.17,34.80,43.00,4.88,1,1,46.87,77.58,13.00,0,01/07/2023 10:03:19
34.71,21.58,34.80,43.00,4.88,1,1,46.87,77.58,13.00,0,01/07/2023 10:03:20
34.33,20.80,34.80,43.00,4.88,1,1,46.87,77.58,13.00,0,01/07/2023 10:03:21
34.23,20.59,34.80,43.00,4.88,1,1,46.87,77.58,13.00,0,01/07/2023 10:03:22
34.93,21.76,34.80,43.00,4.88,1,1,46.87,77.58,13.00,0,01/07/2023 10:03:23
35.73,21.97,34.80,43.00,4.88,1,1,46.87,77.58,13.00,0,01/07/2023 10:03:24
35.51,22.78,34.80,43.00,4.88,1,1,46.87,77.58,13.00,0,01/07/2023 10:03:25
35.71,22.90,34.80,43.00,4.88,1,1,46.87,77.58,13.00,0,01/07/2023 10:03:26
36.91,22.99,34.80,43.00,4.88,1,1,46.87,77.58,13.00,0,01/07/2023 10:03:27
37.31,23.35,34.80,43.00,4.88,1,1,46.87,77.58,13.00,0,01/07/2023 10:03:28
36.83,24.13,34.80,43.00,4.88,1,1,46.87,77.58,13.00,0,01/07/2023 10:03:29
37.31,23.11,34.80,43.00,4.88,1,1,46.87,77.58,13.00,0,01/07/2023 10:03:30
36.73,24.73,34.80,43.00,4.88,1,1,46.87,77.58,13.00,0,01/07/2023 10:03:31
37.33,24.31,34.70,43.00,4.88,1,1,46.87,77.58,13.00,0,01/07/2023 10:03:32
37.39,24.25,34.70,43.00,4.88,1,1,46.87,77.58,13.00,0,01/07/2023 10:03:33
37.41,23.92,34.70,44.00,4.88,1,1,46.87,77.58,13.00,0,01/07/2023 10:03:34
36.87,24.25,34.70,44.00,4.88,1,1,46.87,77.58,13.00,0,01/07/2023 10:03:35
37.31,23.62,34.70,44.00,4.88,1,1,46.87,77.58,13.00,0,01/07/2023 10:03:36
37.29,22.96,34.70,44.00,4.88,1,1,46.87,77.58,13.00,0,01/07/2023 10:03:37
41.75,27.70,34.70,44.00,4.88,1,1,46.87,77.58,13.00,0,01/07/2023 10:03:38
42.53,28.24,34.70,44.00,4.88,1,1,46.87,77.58,13.00,0,01/07/2023 10:03:39
42.75,28.21,34.70,44.00,4.89,1,1,46.87,77.58,13.00,0,01/07/2023 10:03:40
42.67,28.21,34.70,44.00,4.88,1,1,46.87,77.58,13.00,0,01/07/2023 10:03:41
42.43,28.03,34.70,44.00,4.88,1,1,46.87,77.58,13.00,0,01/07/2023 10:03:42
43.51,28.87,34.70,44.00,4.88,1,1,46.87,77.58,13.00,0,01/07/2023 10:03:43
42.81,29.08,34.70,44.00,4.88,1,1,46.87,77.58,13.00,0,01/07/2023 10:03:44
42.73,28.96,34.70,44.00,4.88,1,1,46.87,77.58,13.00,0,01/07/2023 10:03:45
42.03,27.76,34.70,44.00,4.89,1,1,46.87,77.58,13.00,0,01/07/2023 10:03:46
41.21,25.84,34.70,44.00,4.89,1,1,46.87,77.58,13.00,0,01/07/2023 10:03:47
40.51,25.78,34.70,44.00,4.89,1,1,46.87,77.58,13.00,0,01/07/2023 10:03:48
40.07,25.72,34.70,44.00,4.88,1,1,46.87,77.58,13.00,0,01/07/2023 10:03:49
39.19,25.33,34.70,44.00,4.88,1,1,46.87,77.58,13.00,0,01/07/2023 10:03:50
39.31,25.72,34.70,44.00,4.89,1,1,46.87,77.58,13.00,0,01/07/2023 10:03:51
39.83,25.57,34.70,44.00,4.89,1,1,46.87,77.58,13.00,0,01/07/2023 10:03:52
40.57,25.60,34.70,44.00,4.89,1,1,46.87,77.58,13.00,0,01/07/2023 10:03:53
40.27,26.14,34.70,44.00,4.89,1,1,46.87,77.58,13.00,0,01/07/2023 10:03:54
40.51,24.82,34.70,44.00,4.89,1,1,46.87,77.58,13.00,0,01/07/2023 10:03:55
40.13,25.90,34.80,44.00,4.89,1,1,46.87,77.58,13.00,0,01/07/2023 10:03:56
32.15,18.46,34.80,44.00,4.89,1,1,46.87,77.58,13.00,0,01/07/2023 10:03:57
2.73,9.92,34.70,44.00,4.88,1,1,46.87,77.58,13.00,0,01/07/2023 10:03:58
0.15,11.81,34.70,44.00,4.88,1,1,46.87,77.58,13.00,0,01/07/2023 10:03:59
0.13,11.51,34.70,44.00,4.88,1,1,46.87,77.58,13.00,0,01/07/2023 10:04:00
0.17,12.11,34.70,44.00,4.88,1,1,46.87,77.58,13.00,0,01/07/2023 10:04:01
0.13,12.20,34.70,44.00,4.88,1,1,46.87,77.58,13.00,0,01/07/2023 10:04:02
0.07,11.96,34.70,44.00,4.88,1,1,46.87,77.58,13.00,0,01/07/2023 10:04:03
0.13,11.99,34.70,44.00,4.88,1,1,46.87,77.58,13.00,0,01/07/2023 10:04:04
0.11,11.84,34.70,44.00,4.88,1,1,46.87,77.58,13.00,0,01/07/2023 10:04:05
0.13,11.93,34.70,44.00,4.88,1,1,46.87,77.58,13.00,0,01/07/2023 10:04:06
2.11,9.92,34.70,44.00,4.88,1,1,46.87,77.58,13.00,0,01/07/2023 10:04:07
3.19,8.75,34.70,44.00,4.88,1,1,46.87,77.58,13.00,0,01/07/2023 10:04:08
2.93,9.23,34.70,44.00,4.88,1,1,46.87,77.58,13.00,0,01/07/2023 10:04:09
4.73,7.61,34.70,45.00,4.88,1,1,46.87,77.58,13.00,0,01/07/2023 10:04:10
4.61,7.55,34.70,45.00,4.88,1,1,46.87,77.58,13.00,0,01/07/2023 10:04:11
6.89,5.54,34.70,45.00,4.88,1,1,46.87,77.58,13.00,0,01/07/2023 10:04:12
10.25,2.30,34.70,45.00,4.88,1,1,46.87,77.58,13.00,0,01/07/2023 10:04:13
11.01,1.52,34.70,45.00,4.88,1,1,46.87,77.58,13.00,0,01/07/2023 10:04:14
7.21,4.79,34.70,45.00,4.88,1,1,46.87,77.58,13.00,0,01/07/2023 10:04:15
9.03,3.44,34.70,45.00,4.88,1,1,46.87,77.58,13.00,0,01/07/2023 10:04:16
8.21,4.04,34.70,45.00,4.88,1,1,46.87,77.58,13.00,0,01/07/2023 10:04:17
7.77,4.76,34.70,45.00,4.88,1,1,46.87,77.58,13.00,0,01/07/2023 10:04:18
8.41,4.16,34.70,45.00,4.88,1,1,46.87,77.58,13.00,0,01/07/2023 10:04:19
8.99,3.59,34.70,45.00,4.88,1,1,46.87,77.58,13.00,0,01/07/2023 10:04:20
8.63,3.89,34.70,45.00,4.88,1,1,46.87,77.58,13.00,0,01/07/2023 10:04:21
8.01,4.25,34.70,45.00,4.88,1,1,46.87,77.58,13.00,0,01/07/2023 10:04:22
0.65,11.36,34.70,45.00,4.88,1,1,46.87,77.58,13.00,0,01/07/2023 10:04:23
0.03,11.84,34.60,45.00,4.88,1,1,46.87,77.58,13.00,0,01/07/2023 10:04:24
0.05,11.81,34.60,45.00,4.88,1,1,46.87,77.58,13.00,0,01/07/2023 10:04:25
0.21,11.51,34.60,45.00,4.88,1,1,46.87,77.58,13.00,0,01/07/2023 10:04:26
2.19,9.74,34.60,45.00,4.88,1,1,46.87,77.58,13.00,0,01/07/2023 10:04:27
0.21,11.69,34.60,45.00,4.88,1,1,46.87,77.58,13.00,0,01/07/2023 10:04:28
0.07,11.51,34.60,45.00,4.88,1,1,46.87,77.58,13.00,0,01/07/2023 10:04:29
0.21,11.60,34.60,45.00,4.88,1,1,46.87,77.58,13.00,0,01/07/2023 10:04:30
0.11,11.57,34.60,45.00,4.88,1,1,46.87,77.58,13.00,0,01/07/2023 10:04:31
0.11,11.51,34.60,45.00,4.88,1,1,46.87,77.58,13.00,0,01/07/2023 10:04:32
0.47,11.39,34.60,45.00,4.88,1,1,46.87,77.58,13.00,0,01/07/2023 10:04:33
2.65,9.17,34.60,45.00,4.88,1,1,46.87,77.58,13.00,0,01/07/2023 10:04:34
4.49,7.52,34.60,45.00,4.88,1,1,46.87,77.58,13.00,0,01/07/2023 10:04:35
8.71,3.41,34.60,45.00,4.88,1,1,46.87,77.58,13.00,0,01/07/2023 10:04:36
13.65,1.33,34.60,45.00,4.88,1,1,46.87,77.58,13.00,0,01/07/2023 10:04:37
2.77,9.11,34.50,45.00,4.88,1,1,46.87,77.58,13.00,0,01/07/2023 10:04:38
0.09,11.78,34.50,45.00,4.88,1,1,46.87,77.58,13.00,0,01/07/2023 10:04:39
2.25,9.53,34.60,45.00,4.88,1,1,46.87,77.58,13.00,0,01/07/2023 10:04:40
3.97,7.91,34.60,45.00,4.88,1,1,46.87,77.58,13.00,0,01/07/2023 10:04:41
8.11,4.01,34.60,46.00,4.88,1,1,46.87,77.58,13.00,0,01/07/2023 10:04:42
9.83,2.21,34.60,46.00,4.88,1,1,46.87,77.58,13.00,0,01/07/2023 10:04:43
10.53,1.79,34.50,46.00,4.88,1,1,46.87,77.58,13.00,0,01/07/2023 10:04:44
12.77,0.34,34.50,46.00,4.88,1,1,46.87,77.58,13.00,0,01/07/2023 10:04:45
14.89,2.35,34.50,46.00,4.88,1,1,46.87,77.58,13.00,0,01/07/2023 10:04:46
15.19,2.26,34.50,46.00,4.88,1,1,46.87,77.58,13.00,0,01/07/2023 10:04:47
14.57,2.26,34.50,46.00,4.88,1,1,46.87,77.58,13.00,0,01/07/2023 10:04:48
20.51,7.60,34.50,46.00,4.88,1,1,46.87,77.58,13.00,0,01/07/2023 10:04:52
28.93,15.19,34.50,46.00,4.89,1,1,46.87,77.58,13.00,0,01/07/2023 10:04:52
31.35,17.02,34.50,46.00,4.89,1,1,46.87,77.58,13.00,0,01/07/2023 10:04:52
32.31,17.62,34.50,46.00,4.89,1,1,46.87,77.58,13.00,0,01/07/2023 10:04:52
32.09,18.46,34.50,46.00,4.89,1,1,46.87,77.58,13.00,0,01/07/2023 10:04:53
31.45,17.71,34.50,46.00,4.89,1,1,46.87,77.58,13.00,0,01/07/2023 10:04:54
31.59,17.05,34.50,46.00,4.89,1,1,46.87,77.58,13.00,0,01/07/2023 10:04:55
30.59,16.51,34.50,46.00,4.89,1,1,46.87,77.58,13.00,0,01/07/2023 10:04:56
29.71,16.03,34.50,46.00,4.89,1,1,46.87,77.58,13.00,0,01/07/2023 10:04:57
29.37,15.40,34.50,46.00,4.89,1,1,46.87,77.58,13.00,0,01/07/2023 10:04:58
29.23,15.34,34.50,46.00,4.89,1,1,46.87,77.58,13.00,0,01/07/2023 10:04:59
29.21,15.46,34.50,46.00,4.89,1,1,46.87,77.58,13.00,0,01/07/2023 10:05:00
29.27,14.35,34.50,46.00,4.89,1,1,46.87,77.58,13.00,0,01/07/2023 10:05:01
28.11,15.10,34.50,46.00,4.89,1,1,46.87,77.58,13.00,0,01/07/2023 10:05:02
28.89,15.88,34.50,46.00,4.89,1,1,46.87,77.58,13.00,0,01/07/2023 10:05:03
29.21,15.46,34.50,47.00,4.89,1,1,46.87,77.58,13.00,0,01/07/2023 10:05:04
29.05,14.50,34.50,47.00,4.89,1,1,46.87,77.58,13.00,0,01/07/2023 10:05:05
28.95,14.20,-5.00,-5.00,4.89,1,1,46.87,77.58,13.00,0,01/07/2023 10:05:06
28.13,14.35,-5.00,-5.00,4.89,1,1,46.87,77.58,13.00,0,01/07/2023 10:05:07
28.91,13.54,34.50,47.00,4.89,1,1,46.87,77.58,13.00,0,01/07/2023 10:05:08
28.99,13.87,34.50,47.00,4.89,1,1,46.87,77.58,13.00,0,01/07/2023 10:05:09
28.03,14.44,34.50,47.00,4.89,1,1,46.87,77.58,13.00,0,01/07/2023 10:05:10
28.43,14.68,34.50,47.00,4.89,1,1,46.87,77.58,13.00,0,01/07/2023 10:05:11
29.37,15.01,-5.00,-5.00,4.89,1,1,46.87,77.58,13.00,0,01/07/2023 10:05:12
28.93,14.80,-5.00,-5.00,4.89,1,1,46.87,77.58,13.00,0,01/07/2023 10:05:13
28.91,14.71,34.50,47.00,4.89,1,1,46.87,77.58,13.00,0,01/07/2023 10:05:14
28.91,14.98,34.50,47.00,4.89,1,1,46.87,77.58,13.00,0,01/07/2023 10:05:15
29.57,14.08,34.40,47.00,4.89,1,1,46.87,77.58,13.00,0,01/07/2023 10:05:16
28.97,13.75,34.40,47.00,4.89,1,1,46.87,77.58,13.00,0,01/07/2023 10:05:17
27.81,14.08,34.40,47.00,4.89,1,1,46.87,77.58,13.00,0,01/07/2023 10:05:18
28.27,13.66,34.40,47.00,4.89,1,1,46.87,77.58,13.00,0,01/07/2023 10:05:19
28.15,13.99,34.40,47.00,4.89,1,1,46.87,77.58,13.00,0,01/07/2023 10:05:20
29.31,13.48,34.40,47.00,4.89,1,1,46.87,77.58,13.00,0,01/07/2023 10:05:21
29.07,12.88,34.40,47.00,4.89,1,1,46.87,77.58,13.00,0,01/07/2023 10:05:22
31.49,16.84,34.40,47.00,4.89,1,1,46.87,77.58,13.00,0,01/07/2023 10:05:23
18.13,2.20,34.40,47.00,4.89,1,1,46.87,77.58,13.00,0,01/07/2023 10:05:24
0.19,13.43,34.40,47.00,4.89,1,1,46.87,77.58,13.00,0,01/07/2023 10:05:25
0.21,13.43,34.40,47.00,4.89,1,1,46.87,77.58,13.00,0,01/07/2023 10:05:26
0.15,13.37,34.40,47.00,4.89,1,1,46.87,77.58,13.00,0,01/07/2023 10:05:27
0.19,13.28,34.40,47.00,4.89,1,1,46.87,77.58,13.00,0,01/07/2023 10:05:28
2.37,11.09,34.40,47.00,4.89,1,1,46.87,77.58,13.00,0,01/07/2023 10:05:29
5.55,8.18,34.40,47.00,4.89,1,1,46.87,77.58,13.00,0,01/07/2023 10:05:30
6.41,7.46,34.40,47.00,4.89,1,1,46.87,77.58,13.00,0,01/07/2023 10:05:31
9.63,4.40,34.40,47.00,4.89,1,1,46.87,77.58,13.00,0,01/07/2023 10:05:32
10.35,3.65,34.40,47.00,4.89,1,1,46.87,77.58,13.00,0,01/07/2023 10:05:33
10.63,3.56,34.40,47.00,4.89,1,1,46.87,77.58,13.00,0,01/07/2023 10:05:34
10.57,3.35,34.40,47.00,4.89,1,1,46.87,77.58,13.00,0,01/07/2023 10:05:35
10.75,3.59,34.30,47.00,4.89,1,1,46.87,73.95,13.00,0,01/07/2023 10:05:36
10.87,3.32,34.30,47.00,4.89,1,1,46.87,73.95,13.00,0,01/07/2023 10:05:37
0.23,13.07,34.30,47.00,4.89,1,1,46.87,73.95,13.00,0,01/07/2023 10:05:38
0.17,12.95,34.30,47.00,4.89,1,1,46.87,73.95,13.00,0,01/07/2023 10:05:39
0.25,12.86,34.30,48.00,4.89,1,1,46.87,73.95,13.00,0,01/07/2023 10:05:40
0.19,12.83,34.30,48.00,4.89,1,1,46.87,73.95,13.00,0,01/07/2023 10:05:41
0.19,12.83,34.30,48.00,4.89,1,1,46.87,73.95,13.00,0,01/07/2023 10:05:42
0.19,12.77,34.30,48.00,4.89,1,1,46.87,73.95,13.00,0,01/07/2023 10:05:43
0.17,12.74,34.30,48.00,4.89,1,1,46.87,73.95,13.00,0,01/07/2023 10:05:44
0.17,12.65,34.30,48.00,4.89,1,1,46.87,73.95,13.00,0,01/07/2023 10:05:45
0.13,12.71,34.30,48.00,4.89,1,1,46.87,73.95,13.00,0,01/07/2023 10:05:46
0.13,12.65,34.30,48.00,4.89,1,1,46.87,73.95,13.00,0,01/07/2023 10:05:47
0.19,12.56,34.30,48.00,4.89,1,1,46.87,73.95,13.00,0,01/07/2023 10:05:48
0.13,12.65,34.30,48.00,4.89,1,1,51.71,73.95,13.00,0,01/07/2023 10:05:49
0.15,12.65,34.30,48.00,4.89,1,1,51.71,73.95,13.90,0,01/07/2023 10:05:50
0.13,12.74,34.30,48.00,4.89,1,1,51.71,80.78,13.90,0,01/07/2023 10:05:51
0.17,12.59,34.30,48.00,4.89,1,1,51.71,80.78,13.90,0,01/07/2023 10:05:52
0.17,12.74,34.30,48.00,4.89,1,1,51.71,80.78,13.90,0,01/07/2023 10:05:53
0.15,12.62,34.30,48.00,4.89,1,1,51.71,80.78,13.90,0,01/07/2023 10:05:54
0.19,12.68,34.30,48.00,4.89,1,1,51.71,80.78,13.90,0,01/07/2023 10:05:55
0.13,12.74,34.30,48.00,4.89,1,1,51.71,80.78,13.90,0,01/07/2023 10:05:56
0.15,12.68,34.30,48.00,4.89,1,1,51.71,80.78,13.90,0,01/07/2023 10:05:57
0.15,12.35,34.30,48.00,4.89,1,1,51.71,80.78,13.90,0,01/07/2023 10:05:58
0.17,11.66,34.30,48.00,4.88,1,1,51.71,80.78,13.90,0,01/07/2023 10:05:59
0.13,12.38,34.30,48.00,4.89,1,1,51.71,80.78,13.90,0,01/07/2023 10:06:00
0.01,12.65,34.30,48.00,4.89,1,1,51.71,80.78,13.90,0,01/07/2023 10:06:01
0.11,12.71,34.30,48.00,4.89,1,1,51.71,80.78,13.90,0,01/07/2023 10:06:02
0.13,12.41,34.30,48.00,4.89,1,1,51.71,80.78,13.90,0,01/07/2023 10:06:03
0.13,12.38,34.30,48.00,4.89,1,1,51.71,80.78,13.90,0,01/07/2023 10:06:04
0.11,11.84,34.30,48.00,4.88,1,1,51.71,80.78,13.90,0,01/07/2023 10:06:05
0.09,11.69,34.30,48.00,4.88,1,1,51.71,80.78,13.90,0,01/07/2023 10:06:06
0.09,11.57,34.30,48.00,4.88,1,1,51.71,80.78,13.90,0,01/07/2023 10:06:07
0.13,11.57,34.30,48.00,4.88,1,1,51.71,80.78,13.90,0,01/07/2023 10:06:08
0.13,11.78,34.30,48.00,4.88,1,1,51.71,80.78,13.90,0,01/07/2023 10:06:09
0.13,11.69,34.30,48.00,4.89,1,1,51.71,80.78,13.90,0,01/07/2023 10:06:10
0.11,12.20,34.30,48.00,4.89,1,1,51.71,80.78,13.90,0,01/07/2023 10:06:11
0.15,12.44,34.30,49.00,4.89,1,1,51.71,80.78,13.90,0,01/07/2023 10:06:12
0.13,12.08,34.30,49.00,4.89,1,1,51.71,80.78,13.90,0,01/07/2023 10:06:13
0.15,12.50,34.30,49.00,4.89,1,1,51.71,80.78,13.90,0,01/07/2023 10:06:14
0.05,12.32,34.30,49.00,4.89,1,1,51.71,80.78,13.90,0,01/07/2023 10:06:15
0.13,12.29,34.30,49.00,4.89,1,1,51.71,80.78,13.90,0,01/07/2023 10:06:16
0.13,12.32,34.30,49.00,4.89,1,1,51.71,80.78,13.90,0,01/07/2023 10:06:17
0.07,12.23,34.20,49.00,4.89,1,1,51.71,80.78,13.90,0,01/07/2023 10:06:18
0.19,11.36,34.20,49.00,4.88,1,1,51.71,80.78,13.90,0,01/07/2023 10:06:19
0.09,11.39,34.20,49.00,4.88,1,1,51.71,80.78,13.90,0,01/07/2023 10:06:20
0.11,11.90,34.20,49.00,4.88,1,1,51.71,80.78,13.90,0,01/07/2023 10:06:21
0.11,11.87,34.20,49.00,4.88,1,1,51.71,80.78,13.90,0,01/07/2023 10:06:22
0.17,12.02,34.20,49.00,4.88,1,1,51.71,80.78,13.90,0,01/07/2023 10:06:23
0.13,12.02,34.20,49.00,4.88,1,1,51.71,80.78,13.90,0,01/07/2023 10:06:24
0.13,12.08,34.20,49.00,4.88,1,1,51.71,80.78,13.90,0,01/07/2023 10:06:25
0.19,11.84,34.20,49.00,4.88,1,1,51.71,80.78,13.90,0,01/07/2023 10:06:26
0.19,12.05,34.20,49.00,4.89,1,1,51.71,80.78,13.90,0,01/07/2023 10:06:27
0.11,11.81,34.20,49.00,4.88,1,1,51.71,80.78,13.90,0,01/07/2023 10:06:28
0.13,11.75,34.20,49.00,4.88,1,1,51.71,80.78,13.90,0,01/07/2023 10:06:29
0.15,11.84,34.20,49.00,4.88,1,1,51.71,80.78,13.90,0,01/07/2023 10:06:30
0.11,11.78,34.20,49.00,4.88,1,1,51.71,80.78,13.90,0,01/07/2023 10:06:31
0.11,11.87,34.20,49.00,4.89,1,1,51.71,80.78,13.90,0,01/07/2023 10:06:32
0.11,12.02,34.20,49.00,4.89,1,1,51.71,80.78,13.90,0,01/07/2023 10:06:33
0.13,11.63,34.20,49.00,4.88,1,1,51.71,80.78,13.90,0,01/07/2023 10:06:34
0.13,11.57,34.20,49.00,4.88,1,1,51.71,80.78,13.90,0,01/07/2023 10:06:35
0.15,11.12,34.20,49.00,4.88,1,1,51.71,80.78,13.90,0,01/07/2023 10:06:36
0.11,10.76,34.20,49.00,4.88,1,1,51.71,80.78,13.90,0,01/07/2023 10:06:37
0.07,10.58,34.10,50.00,4.88,1,1,51.71,80.78,13.90,0,01/07/2023 10:06:38
2.19,8.87,34.10,50.00,4.88,1,1,51.71,80.78,13.90,0,01/07/2023 10:06:39
10.13,1.19,34.10,50.00,4.88,1,1,51.71,80.78,13.90,0,01/07/2023 10:06:40
11.25,0.11,34.10,50.00,4.88,1,1,51.71,80.78,13.90,0,01/07/2023 10:06:41
0.03,11.15,34.10,50.00,4.88,1,1,51.71,80.78,13.90,0,01/07/2023 10:06:42
0.11,11.69,34.10,50.00,4.88,1,1,51.71,80.78,13.90,0,01/07/2023 10:06:43
0.09,11.78,34.10,50.00,4.88,1,1,51.71,80.78,13.90,0,01/07/2023 10:06:44
0.13,12.02,34.10,50.00,4.89,1,1,51.71,80.78,13.90,0,01/07/2023 10:06:45
0.13,12.05,34.10,50.00,4.88,1,1,51.71,80.78,13.90,0,01/07/2023 10:06:46
0.11,12.05,34.10,50.00,4.89,1,1,51.71,80.78,13.90,0,01/07/2023 10:06:47
0.11,12.08,34.10,50.00,4.89,1,1,51.71,80.78,13.90,0,01/07/2023 10:06:48
0.11,12.17,34.10,50.00,4.89,1,1,51.71,80.78,13.90,0,01/07/2023 10:06:49
0.11,12.08,34.10,50.00,4.89,1,1,51.71,80.78,13.90,0,01/07/2023 10:06:50
0.09,12.17,34.10,50.00,4.89,1,1,51.71,80.78,13.90,0,01/07/2023 10:06:51
0.05,12.11,34.10,50.00,4.89,1,1,51.71,80.78,13.90,0,01/07/2023 10:06:52
0.05,12.11,34.10,50.00,4.89,1,1,51.71,80.78,13.90,0,01/07/2023 10:06:53
0.11,12.17,34.10,50.00,4.89,1,1,51.71,80.78,13.90,0,01/07/2023 10:06:54
0.09,11.99,34.10,50.00,4.89,1,1,51.71,80.78,13.90,0,01/07/2023 10:06:55
0.09,11.87,34.10,50.00,4.89,1,1,51.71,80.78,13.90,0,01/07/2023 10:06:56
0.03,12.02,34.10,50.00,4.89,1,1,51.71,80.78,13.90,0,01/07/2023 10:06:57
0.17,11.18,34.10,50.00,4.88,1,1,51.71,80.78,13.90,0,01/07/2023 10:06:58
0.11,11.54,34.10,50.00,4.88,1,1,51.71,80.78,13.90,0,01/07/2023 10:06:59
0.09,9.77,34.10,50.00,4.88,1,1,51.71,80.78,13.90,0,01/07/2023 10:07:00
0.07,9.59,34.10,50.00,4.88,1,1,51.71,80.78,13.90,0,01/07/2023 10:07:01
0.01,9.59,34.10,50.00,4.88,1,1,51.71,80.78,13.90,0,01/07/2023 10:07:02
0.13,9.71,34.10,50.00,4.88,1,1,51.71,80.78,13.90,0,01/07/2023 10:07:03
0.05,9.86,34.10,50.00,4.88,1,1,51.71,80.78,13.90,0,01/07/2023 10:07:04
0.01,9.56,34.10,50.00,4.88,1,1,51.71,80.78,13.90,0,01/07/2023 10:07:05
0.09,9.74,34.20,50.00,4.88,1,1,51.71,80.78,13.90,0,01/07/2023 10:07:06
0.41,9.95,34.20,50.00,4.88,1,1,51.71,80.78,13.90,0,01/07/2023 10:07:07
0.39,9.98,34.30,50.00,4.88,1,1,51.71,80.78,13.90,0,01/07/2023 10:07:08
0.35,9.89,34.30,50.00,4.88,1,1,51.71,80.78,13.90,0,01/07/2023 10:07:09
0.39,9.89,34.30,50.00,4.88,1,1,51.71,80.78,13.90,0,01/07/2023 10:07:10
0.35,10.01,34.30,50.00,4.88,1,1,51.71,80.78,13.90,0,01/07/2023 10:07:11
0.39,10.04,34.30,50.00,4.88,1,1,51.71,80.78,13.90,0,01/07/2023 10:07:12
0.43,9.98,34.30,50.00,4.88,1,1,51.71,80.78,13.90,0,01/07/2023 10:07:13
0.37,10.16,34.40,50.00,4.88,1,1,51.71,80.78,13.90,0,01/07/2023 10:07:14
0.41,10.28,34.40,50.00,4.88,1,1,51.71,80.78,13.90,0,01/07/2023 10:07:15
0.43,10.25,34.50,49.00,4.88,1,1,51.71,80.78,13.90,0,01/07/2023 10:07:16
0.43,9.95,34.50,49.00,4.88,1,1,51.71,80.78,13.90,0,01/07/2023 10:07:17
0.43,9.98,34.50,49.00,4.88,1,1,51.71,80.78,13.90,0,01/07/2023 10:07:18
0.43,10.76,34.50,49.00,4.88,1,1,51.71,80.78,13.90,0,01/07/2023 10:07:19
0.33,11.18,34.60,49.00,4.88,1,1,51.71,80.78,13.90,0,01/07/2023 10:07:20
0.39,11.18,34.60,49.00,4.88,1,1,51.71,80.78,13.90,0,01/07/2023 10:07:21
0.41,11.15,34.60,48.00,4.88,1,1,51.71,80.78,13.90,0,01/07/2023 10:07:22
0.39,10.19,34.60,48.00,4.88,1,1,51.71,80.78,13.90,0,01/07/2023 10:07:23
0.41,11.24,34.70,48.00,4.88,1,1,51.71,80.78,13.90,0,01/07/2023 10:07:24
0.37,11.21,34.70,48.00,4.88,1,1,51.71,80.78,13.90,0,01/07/2023 10:07:25
0.41,10.25,34.70,47.00,4.88,1,1,51.71,80.78,13.90,0,01/07/2023 10:07:26
0.39,9.98,34.70,47.00,4.88,1,1,51.71,80.78,13.90,0,01/07/2023 10:07:27
0.39,9.62,34.90,47.00,4.88,1,1,51.71,80.78,13.90,0,01/07/2023 10:07:28
0.37,9.50,34.90,47.00,4.88,1,1,51.71,80.78,13.90,0,01/07/2023 10:07:29
0.35,9.50,34.90,47.00,4.88,1,1,51.71,80.78,13.90,0,01/07/2023 10:07:30
0.41,9.59,34.90,47.00,4.88,1,1,51.71,80.78,13.90,0,01/07/2023 10:07:31
0.43,9.65,34.90,47.00,4.88,1,1,51.71,80.78,13.90,0,01/07/2023 10:07:32
0.41,9.83,34.90,47.00,4.88,1,1,51.71,80.78,13.90,0,01/07/2023 10:07:33
0.43,9.68,35.00,47.00,4.88,1,1,51.71,80.78,13.90,0,01/07/2023 10:07:34
0.37,9.65,35.00,47.00,4.88,1,1,51.71,0.79,13.90,0,01/07/2023 10:07:35
0.37,10.22,35.10,46.00,4.88,1,1,51.71,0.79,13.90,0,01/07/2023 10:07:36
0.37,10.16,35.10,46.00,4.88,1,1,51.71,0.79,13.90,0,01/07/2023 10:07:37
0.41,9.98,35.10,46.00,4.88,1,1,51.71,0.79,13.90,0,01/07/2023 10:07:38
0.41,9.86,35.10,46.00,4.88,1,1,51.71,0.79,13.90,0,01/07/2023 10:07:39
0.35,9.65,35.20,45.00,4.88,1,1,51.71,0.79,13.90,0,01/07/2023 10:07:40
0.37,9.77,35.20,45.00,4.88,1,1,51.71,0.79,13.90,0,01/07/2023 10:07:41
0.37,9.68,35.30,45.00,4.88,1,1,51.71,0.79,13.90,0,01/07/2023 10:07:42
0.35,9.86,35.30,45.00,4.88,1,1,51.71,0.79,13.90,0,01/07/2023 10:07:43
0.35,9.95,35.30,45.00,4.88,1,1,51.71,0.79,13.90,0,01/07/2023 10:07:44
0.35,10.40,35.30,45.00,4.88,1,1,51.71,0.79,13.90,0,01/07/2023 10:07:45
0.37,10.31,35.40,45.00,4.88,1,1,51.71,0.79,13.90,0,01/07/2023 10:07:46
0.43,9.95,35.40,45.00,4.88,1,1,51.71,0.79,13.90,0,01/07/2023 10:07:47
0.39,10.16,35.50,45.00,4.88,1,1,51.71,0.79,13.90,0,01/07/2023 10:07:48
0.43,10.04,35.50,45.00,4.88,1,1,51.71,0.79,13.90,0,01/07/2023 10:07:49
0.39,9.83,35.50,45.00,4.88,1,1,51.71,0.79,13.90,0,01/07/2023 10:07:50
0.41,9.80,35.50,45.00,4.88,1,1,51.71,0.79,13.90,0,01/07/2023 10:07:51
0.39,9.56,35.50,44.00,4.88,1,1,51.71,0.79,13.90,0,01/07/2023 10:07:52
0.41,9.80,35.50,44.00,4.88,1,1,51.71,0.79,13.90,0,01/07/2023 10:07:53
0.39,9.68,35.60,44.00,4.88,1,1,51.71,0.79,13.90,0,01/07/2023 10:07:54
0.35,9.35,35.60,44.00,4.88,1,1,51.71,0.79,13.90,0,01/07/2023 10:07:55
0.35,9.35,35.70,44.00,4.88,1,1,51.71,0.79,13.90,0,01/07/2023 10:07:56
0.37,9.59,35.70,44.00,4.88,1,1,51.71,0.79,13.90,0,01/07/2023 10:07:57
0.37,9.59,35.70,44.00,4.88,1,1,51.71,0.79,13.90,0,01/07/2023 10:07:58
0.45,9.59,35.70,44.00,4.88,1,1,51.71,0.79,13.90,0,01/07/2023 10:07:59
0.39,9.74,35.70,44.00,4.88,1,1,51.71,0.79,13.90,0,01/07/2023 10:08:00
0.41,9.71,35.70,44.00,4.88,1,1,51.71,0.79,13.90,0,01/07/2023 10:08:01
0.45,10.07,35.70,44.00,4.88,1,1,51.71,0.79,13.90,0,01/07/2023 10:08:02
0.39,10.04,35.70,44.00,4.88,1,1,51.71,0.79,13.90,0,01/07/2023 10:08:03
0.41,10.16,35.80,43.00,4.88,1,1,51.71,0.79,13.90,0,01/07/2023 10:08:04
0.37,10.37,35.80,43.00,4.88,1,1,51.71,0.79,13.90,0,01/07/2023 10:08:05
0.39,10.58,35.80,43.00,4.88,1,1,51.71,0.79,13.90,0,01/07/2023 10:08:06
0.39,10.49,35.80,43.00,4.88,1,1,51.71,0.79,13.90,0,01/07/2023 10:08:07
0.39,11.09,35.90,43.00,4.88,1,1,51.71,0.79,13.90,0,01/07/2023 10:08:08
0.39,11.24,35.90,43.00,4.88,1,1,51.71,0.79,13.90,0,01/07/2023 10:08:09
0.37,10.94,36.00,44.00,4.88,1,1,51.71,0.79,13.90,0,01/07/2023 10:08:10
0.41,10.43,36.00,44.00,4.88,1,1,51.71,0.79,13.90,0,01/07/2023 10:08:11
0.41,10.34,36.10,44.00,4.88,1,1,51.71,0.79,13.90,0,01/07/2023 10:08:12
0.37,10.43,36.10,44.00,4.88,1,1,51.71,0.79,13.90,0,01/07/2023 10:08:13
0.45,10.22,36.20,43.00,4.88,1,1,51.71,0.79,13.90,0,01/07/2023 10:08:14
0.39,10.37,36.20,43.00,4.88,1,1,51.71,0.79,13.90,0,01/07/2023 10:08:15
0.41,10.10,36.20,43.00,4.88,1,1,51.71,0.79,13.90,0,01/07/2023 10:08:16
0.39,10.10,36.20,43.00,4.88,1,1,51.71,0.79,13.90,0,01/07/2023 10:08:17
0.41,10.13,36.20,43.00,4.88,1,1,51.71,0.79,13.90,0,01/07/2023 10:08:18
0.41,10.25,36.20,43.00,4.88,1,1,51.71,0.79,13.90,0,01/07/2023 10:08:19
0.37,10.31,36.30,43.00,4.88,1,1,51.71,0.79,13.90,0,01/07/2023 10:08:20
0.35,10.79,36.30,43.00,4.88,1,1,51.71,0.79,13.90,0,01/07/2023 10:08:21
0.39,10.82,36.30,42.00,4.88,1,1,51.71,0.79,13.90,0,01/07/2023 10:08:22
0.37,10.85,36.30,42.00,4.88,1,1,51.71,0.79,13.90,0,01/07/2023 10:08:23
0.35,10.43,36.40,42.00,4.88,1,1,51.71,0.79,13.90,0,01/07/2023 10:08:24
0.39,10.25,36.40,42.00,4.88,1,1,51.71,0.79,13.90,0,01/07/2023 10:08:25
0.41,10.28,36.50,42.00,4.88,1,1,51.71,0.79,13.90,0,01/07/2023 10:08:26
0.37,10.10,36.50,42.00,4.88,1,1,51.71,0.79,13.90,0,01/07/2023 10:08:27
0.45,10.40,36.60,42.00,4.88,1,1,51.71,0.79,13.90,0,01/07/2023 10:08:28
0.39,11.57,36.60,42.00,4.88,1,1,51.71,0.79,13.90,0,01/07/2023 10:08:29
0.41,11.69,36.70,42.00,4.88,1,1,51.71,0.79,13.90,0,01/07/2023 10:08:30
0.37,11.75,36.70,42.00,4.88,1,1,51.71,0.79,13.90,0,01/07/2023 10:08:31
0.41,11.72,36.70,41.00,4.88,1,1,51.71,0.79,13.90,0,01/07/2023 10:08:32
0.37,11.66,36.70,41.00,4.88,1,1,51.71,0.79,13.90,0,01/07/2023 10:08:33
0.41,11.60,36.70,41.00,4.88,1,1,51.71,0.79,13.90,0,01/07/2023 10:08:34
0.35,10.73,36.70,41.00,4.88,1,1,51.71,0.79,13.90,0,01/07/2023 10:08:35
0.39,11.54,36.80,41.00,4.88,1,1,51.71,0.79,13.90,0,01/07/2023 10:08:36
0.35,11.57,36.80,41.00,4.88,1,1,51.71,0.79,13.90,0,01/07/2023 10:08:37
0.11,11.63,37.00,41.00,4.88,1,1,51.71,0.79,13.90,0,01/07/2023 10:08:38
0.01,11.60,37.00,41.00,4.88,1,1,51.71,0.79,13.90,0,01/07/2023 10:08:39
0.13,11.63,37.10,41.00,4.88,1,1,51.71,0.79,13.90,0,01/07/2023 10:08:40
0.07,11.60,37.10,41.00,4.88,1,1,51.71,0.79,13.90,0,01/07/2023 10:08:41
0.11,11.63,37.00,40.00,4.88,1,1,51.71,0.79,13.90,0,01/07/2023 10:08:42
0.07,11.66,37.00,40.00,4.88,1,1,51.71,0.79,13.90,0,01/07/2023 10:08:43
0.09,11.69,37.10,40.00,4.88,1,1,51.71,0.79,13.90,0,01/07/2023 10:08:44
0.07,11.72,37.10,40.00,4.88,1,1,51.71,0.79,13.90,0,01/07/2023 10:08:45
0.07,13.43,37.20,40.00,4.88,1,1,51.71,0.79,13.90,0,01/07/2023 10:08:46
0.07,13.37,37.20,40.00,4.88,1,1,51.71,0.79,13.90,0,01/07/2023 10:08:47
0.11,13.34,37.30,40.00,4.88,1,1,51.71,0.79,13.90,0,01/07/2023 10:08:48
0.07,13.28,37.30,40.00,4.88,1,1,51.71,0.79,13.90,0,01/07/2023 10:08:49
0.13,13.25,37.30,40.00,4.88,1,1,51.71,0.79,13.90,0,01/07/2023 10:08:50
0.07,13.19,37.30,40.00,4.88,1,1,51.71,0.79,13.90,0,01/07/2023 10:08:51
0.11,13.19,37.30,40.00,4.88,1,1,51.71,0.79,13.90,0,01/07/2023 10:08:52
0.09,13.34,37.30,40.00,4.88,1,1,51.71,0.79,13.90,0,01/07/2023 10:08:53
0.09,12.59,37.30,40.00,4.88,1,1,51.71,0.79,13.90,0,01/07/2023 10:08:54
0.13,12.62,37.30,40.00,4.88,1,1,51.71,0.79,13.90,0,01/07/2023 10:08:55
0.13,12.47,37.30,40.00,4.88,1,1,51.71,0.79,13.90,0,01/07/2023 10:08:56
0.07,12.47,37.30,40.00,4.88,1,1,51.71,0.79,13.90,0,01/07/2023 10:08:57
0.07,12.32,37.20,40.00,4.88,1,1,51.71,0.79,13.90,0,01/07/2023 10:08:58
0.11,12.26,37.20,40.00,4.88,1,1,51.71,0.79,13.90,0,01/07/2023 10:08:59
0.15,12.14,37.10,40.00,4.88,1,1,51.71,0.79,13.90,0,01/07/2023 10:09:00
0.13,12.08,37.10,40.00,4.88,1,1,51.71,0.79,13.90,0,01/07/2023 10:09:01
0.17,11.96,37.20,40.00,4.88,1,1,51.71,0.79,13.90,0,01/07/2023 10:09:02
0.11,11.78,37.20,40.00,4.88,1,1,51.71,0.79,13.90,0,01/07/2023 10:09:03
0.17,11.81,37.20,40.00,4.88,1,1,51.71,0.79,13.90,0,01/07/2023 10:09:04
0.13,11.63,37.20,40.00,4.88,1,1,51.71,0.79,13.90,0,01/07/2023 10:09:05
0.11,11.63,37.10,40.00,4.88,1,1,51.71,0.79,13.90,0,01/07/2023 10:09:06
0.07,11.42,37.10,40.00,4.88,1,1,51.71,0.79,13.90,0,01/07/2023 10:09:07
0.13,11.39,37.10,40.00,4.88,1,1,51.71,0.79,13.90,0,01/07/2023 10:09:08
0.19,11.36,37.10,40.00,4.88,1,1,51.71,0.79,13.90,0,01/07/2023 10:09:09
0.11,11.30,37.10,40.00,4.88,1,1,51.71,0.79,13.90,0,01/07/2023 10:09:10
0.13,11.12,37.10,40.00,4.88,1,1,51.71,0.79,13.90,0,01/07/2023 10:09:11
0.17,11.15,37.00,40.00,4.88,1,1,51.71,0.79,13.90,0,01/07/2023 10:09:12
0.11,11.03,37.00,40.00,4.88,1,1,51.71,0.79,13.90,0,01/07/2023 10:09:13
0.17,10.88,37.00,40.00,4.88,1,1,51.71,0.79,13.90,0,01/07/2023 10:09:14
0.19,10.94,37.00,40.00,4.88,1,1,51.71,0.79,13.90,0,01/07/2023 10:09:15
0.15,10.70,37.00,41.00,4.88,1,1,51.71,0.79,13.90,0,01/07/2023 10:09:16
0.19,10.73,37.00,41.00,4.88,1,1,51.71,0.79,13.90,0,01/07/2023 10:09:17
0.15,10.61,36.90,41.00,4.88,1,1,51.71,0.79,13.90,0,01/07/2023 10:09:18
0.15,10.55,36.90,41.00,4.88,1,1,51.71,0.79,13.90,0,01/07/2023 10:09:19
0.15,10.55,36.90,41.00,4.88,1,1,51.71,0.79,13.90,0,01/07/2023 10:09:20
0.15,10.43,36.90,41.00,4.88,1,1,51.71,0.79,13.90,0,01/07/2023 10:09:21
0.21,10.22,36.90,41.00,4.88,1,1,51.71,0.79,13.90,0,01/07/2023 10:09:22
1.99,9.56,36.90,41.00,4.88,1,1,51.71,0.79,13.90,0,01/07/2023 10:09:23
8.27,5.06,36.80,41.00,4.88,1,1,51.71,0.79,13.90,0,01/07/2023 10:09:24
6.57,7.76,36.80,41.00,4.88,1,1,51.71,0.79,13.90,0,01/07/2023 10:09:25
0.07,13.01,36.80,41.00,4.88,1,1,51.71,0.79,13.90,0,01/07/2023 10:09:26
0.13,10.40,36.80,41.00,4.88,1,1,51.71,0.79,13.90,0,01/07/2023 10:09:27
0.13,10.04,36.80,41.00,4.88,1,1,51.71,0.79,13.90,0,01/07/2023 10:09:28
0.11,9.89,36.80,41.00,4.88,1,1,51.71,0.79,13.90,0,01/07/2023 10:09:29
0.11,9.86,36.70,41.00,4.88,1,1,51.71,0.79,13.90,0,01/07/2023 10:09:30
0.15,9.68,36.70,41.00,4.88,1,1,51.71,0.79,13.90,0,01/07/2023 10:09:31
0.15,9.74,36.70,41.00,4.88,1,1,51.71,0.79,13.90,0,01/07/2023 10:09:32
0.09,9.59,36.70,41.00,4.88,1,1,51.71,0.79,13.90,0,01/07/2023 10:09:33
0.13,9.44,36.70,42.00,4.88,1,1,51.71,0.79,13.90,0,01/07/2023 10:09:34
0.13,9.44,36.70,42.00,4.88,1,1,51.71,0.79,13.90,0,01/07/2023 10:09:35
0.13,9.29,36.70,42.00,4.88,1,1,51.71,0.79,13.90,0,01/07/2023 10:09:36
0.17,9.17,36.70,42.00,4.88,1,1,0.00,0.79,13.90,0,01/07/2023 10:09:37
0.15,9.11,36.70,42.00,4.88,1,1,0.00,0.79,13.90,0,01/07/2023 10:09:38
0.17,9.05,36.70,42.00,4.88,1,1,0.00,0.79,13.90,0,01/07/2023 10:09:39
0.15,9.05,36.60,42.00,4.88,1,1,0.00,0.79,13.90,0,01/07/2023 10:09:40
0.13,8.99,36.60,42.00,4.88,1,1,0.00,0.79,13.90,0,01/07/2023 10:09:41
0.15,8.87,36.60,42.00,4.88,1,1,0.00,0.79,13.90,0,01/07/2023 10:09:42
0.13,8.84,36.60,42.00,4.88,1,1,0.00,0.79,13.90,0,01/07/2023 10:09:43
0.13,8.78,36.60,42.00,4.88,1,1,0.00,0.79,13.90,0,01/07/2023 10:09:44
0.13,8.66,36.60,42.00,4.88,1,1,0.00,0.79,13.90,0,01/07/2023 10:09:45
0.09,8.57,36.50,42.00,4.88,1,1,0.00,0.79,13.90,0,01/07/2023 10:09:46
17.71,3.43,34.30,52.00,4.89,1,1,0.06,93.91,0.25,0,01/07/2023 10:13:52
16.61,1.01,34.30,52.00,4.89,1,1,0.06,93.91,0.25,0,01/07/2023 10:13:53
16.79,0.80,34.30,52.00,4.89,1,1,0.06,93.91,0.25,0,01/07/2023 10:13:54
16.55,0.85,34.30,52.00,4.89,1,1,0.06,93.91,0.25,0,01/07/2023 10:13:55
15.93,0.40,34.30,53.00,4.89,1,1,0.06,93.91,0.25,0,01/07/2023 10:13:56
16.09,0.41,34.30,53.00,4.89,1,1,0.06,93.91,0.25,0,01/07/2023 10:13:57
16.03,7.69,34.30,53.00,4.88,1,1,0.06,93.91,0.25,0,01/07/2023 10:13:58
15.81,0.58,34.30,53.00,4.89,1,1,0.06,93.91,0.25,0,01/07/2023 10:13:59
15.47,1.67,34.30,53.00,4.89,1,1,0.06,93.91,0.25,0,01/07/2023 10:14:00
15.87,1.97,34.30,53.00,4.89,1,1,0.06,93.91,0.25,0,01/07/2023 10:14:01
15.49,1.70,34.30,53.00,4.89,1,1,57.57,93.91,0.25,0,01/07/2023 10:14:02
15.23,1.76,34.30,53.00,4.89,1,1,57.57,93.91,0.25,0,01/07/2023 10:14:03
15.47,1.94,34.30,53.00,4.89,1,1,57.57,93.91,0.25,0,01/07/2023 10:14:04
22.57,4.84,34.30,53.00,4.89,1,1,57.57,93.91,0.25,0,01/07/2023 10:14:05
23.41,6.61,34.20,53.00,4.89,1,1,57.57,93.91,0.25,0,01/07/2023 10:14:06
24.37,7.03,34.20,53.00,4.89,1,1,57.57,93.91,0.25,0,01/07/2023 10:14:07
24.67,7.51,34.20,53.00,4.89,1,1,57.57,93.91,0.25,0,01/07/2023 10:14:08
24.91,7.63,34.20,53.00,4.89,1,1,57.57,93.91,0.25,0,01/07/2023 10:14:09
24.57,7.66,34.20,53.00,4.89,1,1,57.57,93.91,0.25,0,01/07/2023 10:14:10
24.49,7.87,34.20,53.00,4.89,1,1,57.57,93.91,0.25,0,01/07/2023 10:14:11
24.21,7.66,34.20,53.00,4.89,1,1,57.57,93.91,0.25,0,01/07/2023 10:14:12
24.53,7.66,34.20,53.00,4.89,1,1,57.57,93.91,0.25,0,01/07/2023 10:14:13
24.57,8.20,34.20,53.00,4.89,1,1,57.57,93.91,0.25,0,01/07/2023 10:14:14
31.15,13.96,34.20,53.00,4.89,1,1,57.57,93.91,0.25,0,01/07/2023 10:14:15
31.87,15.58,34.20,53.00,4.89,1,1,57.57,93.91,0.25,0,01/07/2023 10:14:16
33.67,15.88,34.20,53.00,4.89,1,1,57.57,93.91,0.25,0,01/07/2023 10:14:17
33.25,16.27,34.20,53.00,4.89,1,1,57.57,93.91,0.25,0,01/07/2023 10:14:18
33.71,16.66,34.20,53.00,4.89,1,1,57.57,93.91,0.25,0,01/07/2023 10:14:19
33.07,16.96,34.20,53.00,4.89,1,1,57.57,93.91,0.25,0,01/07/2023 10:14:20
33.55,17.32,34.20,53.00,4.89,1,1,57.57,93.91,0.25,0,01/07/2023 10:14:21
33.49,16.93,34.20,53.00,4.89,1,1,57.57,93.91,0.25,0,01/07/2023 10:14:22
33.45,16.51,34.20,53.00,4.89,1,1,57.57,93.91,0.25,0,01/07/2023 10:14:23
34.81,18.55,34.10,52.00,4.89,1,1,57.57,93.91,0.25,0,01/07/2023 10:14:24
43.69,26.26,34.10,52.00,4.89,1,1,57.57,93.91,0.25,0,01/07/2023 10:14:25
45.77,28.66,34.10,53.00,4.89,1,1,57.57,93.91,0.25,0,01/07/2023 10:14:26
49.75,32.80,34.10,53.00,4.89,1,1,57.57,93.91,0.25,0,01/07/2023 10:14:27
51.69,35.11,34.10,53.00,4.89,1,1,57.57,93.91,0.25,0,01/07/2023 10:14:28
51.85,34.45,34.10,53.00,4.89,1,1,57.57,93.91,0.25,0,01/07/2023 10:14:29
53.51,34.96,34.10,53.00,4.89,1,1,57.57,93.91,0.25,0,01/07/2023 10:14:30
50.93,34.84,34.10,53.00,4.89,1,1,57.57,93.91,0.25,0,01/07/2023 10:14:31
51.57,35.17,34.10,53.00,4.89,1,1,57.57,93.91,0.25,0,01/07/2023 10:14:32
51.15,35.26,34.10,53.00,4.89,1,1,57.57,93.91,0.25,0,01/07/2023 10:14:33
51.17,34.12,34.10,53.00,4.89,1,1,57.57,93.91,0.25,0,01/07/2023 10:14:34
51.55,35.02,34.10,53.00,4.89,1,1,57.57,93.91,0.25,0,01/07/2023 10:14:35
52.73,37.00,34.10,53.00,4.89,1,1,57.57,93.91,0.25,0,01/07/2023 10:14:36
51.85,34.78,34.10,53.00,4.89,1,1,57.57,93.91,0.25,0,01/07/2023 10:14:37
50.47,33.55,34.10,53.00,4.89,1,1,57.57,93.91,0.25,0,01/07/2023 10:14:38
52.59,35.14,34.10,53.00,4.89,1,1,57.57,93.91,0.25,0,01/07/2023 10:14:39
51.79,35.17,34.10,53.00,4.89,1,1,57.57,93.91,0.25,0,01/07/2023 10:14:40
52.57,35.35,34.10,53.00,4.89,1,1,57.57,93.91,0.25,0,01/07/2023 10:14:41
53.53,37.21,34.10,53.00,4.89,1,1,57.57,93.91,0.25,0,01/07/2023 10:14:42
54.81,38.35,34.10,53.00,4.89,1,1,57.57,93.91,0.25,0,01/07/2023 10:14:43
53.85,40.03,34.10,53.00,4.88,1,1,57.57,93.91,0.25,0,01/07/2023 10:14:44
56.25,39.55,34.10,53.00,4.89,1,1,57.57,93.91,0.25,0,01/07/2023 10:14:45
55.55,38.77,34.10,53.00,4.89,1,1,57.57,93.91,0.25,0,01/07/2023 10:14:46
55.09,39.79,34.10,53.00,4.89,1,1,57.57,93.91,0.25,0,01/07/2023 10:14:47
54.77,42.61,34.10,53.00,4.88,1,1,57.57,93.91,0.25,0,01/07/2023 10:14:48
54.23,37.30,34.10,53.00,4.89,1,1,57.57,93.91,0.25,0,01/07/2023 10:14:49
53.55,37.00,34.10,53.00,4.89,1,1,57.57,93.91,0.25,0,01/07/2023 10:14:50
52.69,36.88,34.10,53.00,4.89,1,1,57.57,93.91,0.25,0,01/07/2023 10:14:51
50.79,38.41,34.10,53.00,4.89,1,1,57.57,93.91,0.25,0,01/07/2023 10:14:52
50.41,36.28,34.10,53.00,4.89,1,1,57.57,93.91,0.25,0,01/07/2023 10:14:53
52.15,35.83,34.10,53.00,4.89,1,1,57.57,93.91,0.25,0,01/07/2023 10:14:54
52.09,35.71,34.10,53.00,4.89,1,1,57.57,93.91,0.25,0,01/07/2023 10:14:55
51.17,40.63,34.10,53.00,4.88,1,1,57.57,93.91,0.25,0,01/07/2023 10:14:56
52.55,37.60,34.10,53.00,4.89,1,1,57.57,93.91,0.25,0,01/07/2023 10:14:57
50.11,34.51,34.10,53.00,4.89,1,1,57.57,93.91,0.25,0,01/07/2023 10:14:58
49.95,33.64,34.10,53.00,4.89,1,1,48.24,93.91,0.25,0,01/07/2023 10:14:59
51.41,36.04,34.00,53.00,4.89,1,1,48.24,93.91,0.25,0,01/07/2023 10:15:00
53.19,36.67,34.00,53.00,4.89,1,1,48.24,93.91,0.25,0,01/07/2023 10:15:01
52.97,37.12,34.10,53.00,4.89,1,1,48.24,93.91,0.25,0,01/07/2023 10:15:02
51.37,34.99,34.10,53.00,4.89,1,1,48.24,93.91,0.25,0,01/07/2023 10:15:03
52.19,36.10,34.10,53.00,4.89,1,1,48.24,93.91,0.25,0,01/07/2023 10:15:04
52.03,36.88,34.10,53.00,4.89,1,1,48.24,93.91,0.25,0,01/07/2023 10:15:05
51.19,35.95,34.00,53.00,4.89,1,1,48.24,93.91,0.25,0,01/07/2023 10:15:06
50.71,35.08,34.00,53.00,4.89,1,1,48.24,93.91,0.25,0,01/07/2023 10:15:07
52.13,36.19,34.00,53.00,4.89,1,1,48.24,93.91,0.25,0,01/07/2023 10:15:08
50.51,34.06,34.00,53.00,4.89,1,1,48.24,93.91,0.25,0,01/07/2023 10:15:09
52.45,36.34,34.00,52.00,4.89,1,1,48.24,93.91,0.25,0,01/07/2023 10:15:10
53.65,36.34,34.00,52.00,4.89,1,1,48.24,93.91,0.25,0,01/07/2023 10:15:11
53.03,37.00,34.00,52.00,4.89,1,1,48.24,93.91,0.25,0,01/07/2023 10:15:12
53.11,35.80,34.00,52.00,4.89,1,1,48.24,93.91,0.25,0,01/07/2023 10:15:13
55.05,38.98,34.00,52.00,4.89,1,1,48.24,93.91,0.25,0,01/07/2023 10:15:14
55.73,39.37,34.00,52.00,4.89,1,1,48.24,93.91,0.25,0,01/07/2023 10:15:15
56.99,39.64,34.00,53.00,4.89,1,1,48.24,93.91,0.25,0,01/07/2023 10:15:16
58.45,41.38,34.00,53.00,4.89,1,1,48.24,93.91,0.25,0,01/07/2023 10:15:17
56.49,40.81,34.00,53.00,4.89,1,1,48.24,93.91,0.25,0,01/07/2023 10:15:18
36.97,21.37,34.00,53.00,4.89,1,1,48.24,93.91,0.25,0,01/07/2023 10:15:19
30.41,15.19,34.00,53.00,4.89,1,1,48.24,93.91,0.25,0,01/07/2023 10:15:20
28.09,12.55,34.00,53.00,4.89,1,1,48.24,93.91,0.25,0,01/07/2023 10:15:21
26.57,11.86,34.00,53.00,4.89,1,1,48.24,93.91,0.25,0,01/07/2023 10:15:22
26.35,11.35,34.00,53.00,4.89,1,1,48.24,93.91,0.25,0,01/07/2023 10:15:23
26.19,11.44,34.00,53.00,4.89,1,1,48.24,93.91,0.25,0,01/07/2023 10:15:24
26.91,12.61,33.90,53.00,4.89,1,1,48.24,93.91,0.25,0,01/07/2023 10:15:25
61.29,44.20,33.90,53.00,4.89,1,1,48.24,93.91,0.25,0,01/07/2023 10:15:26
71.31,56.26,33.90,53.00,4.89,1,1,48.24,93.91,0.25,0,01/07/2023 10:15:27
73.41,57.43,33.90,53.00,4.89,1,1,48.24,93.91,0.25,0,01/07/2023 10:15:28
72.05,54.43,33.90,53.00,4.89,1,1,48.24,93.91,0.25,0,01/07/2023 10:15:29
68.83,52.06,33.90,53.00,4.89,1,1,48.24,93.91,0.25,0,01/07/2023 10:15:30
67.63,48.61,33.90,53.00,4.89,1,1,48.24,93.91,0.25,0,01/07/2023 10:15:31
67.71,48.88,33.90,53.00,4.89,1,1,48.24,93.91,0.25,0,01/07/2023 10:15:32
67.25,49.69,33.90,53.00,4.89,1,1,48.24,93.91,0.25,0,01/07/2023 10:15:33
66.71,51.52,33.90,53.00,4.89,1,1,48.24,93.91,0.25,0,01/07/2023 10:15:34
68.21,52.03,33.90,53.00,4.89,1,1,48.24,93.91,0.25,0,01/07/2023 10:15:35
68.31,51.58,33.90,53.00,4.89,1,1,48.24,93.91,0.25,0,01/07/2023 10:15:36
68.93,52.00,33.90,53.00,4.89,1,1,48.24,93.91,0.25,0,01/07/2023 10:15:37
67.51,51.37,33.90,53.00,4.89,1,1,48.24,93.91,0.25,0,01/07/2023 10:15:38
66.81,51.34,33.90,53.00,4.89,1,1,48.24,93.91,0.25,0,01/07/2023 10:15:39
68.63,51.55,33.90,53.00,4.89,1,1,48.24,93.91,0.25,0,01/07/2023 10:15:40
64.93,48.07,33.90,53.00,4.89,1,1,48.24,93.91,0.25,0,01/07/2023 10:15:41
65.97,47.26,33.90,53.00,4.89,1,1,48.24,93.91,0.25,0,01/07/2023 10:15:42
64.97,46.39,33.90,53.00,4.89,1,1,48.24,93.91,0.25,0,01/07/2023 10:15:43
65.49,49.15,33.90,53.00,4.89,1,1,48.24,93.91,0.25,0,01/07/2023 10:15:44
66.03,48.13,33.90,54.00,4.89,1,1,48.24,93.91,0.25,0,01/07/2023 10:15:45
64.27,48.16,33.90,54.00,4.89,1,1,48.24,93.91,0.25,0,01/07/2023 10:15:46
67.01,50.29,33.90,54.00,4.89,1,1,48.24,93.91,0.25,0,01/07/2023 10:15:47
64.75,47.68,33.90,54.00,4.89,1,1,48.24,93.91,0.25,0,01/07/2023 10:15:48
64.13,48.79,33.90,54.00,4.89,1,1,48.24,93.91,0.25,0,01/07/2023 10:15:49
62.41,48.43,33.90,54.00,4.89,1,1,48.24,93.91,0.25,0,01/07/2023 10:15:50
61.83,49.81,33.90,54.00,4.89,1,1,48.24,93.91,0.25,0,01/07/2023 10:15:51
66.25,43.90,33.90,54.00,4.89,1,1,48.24,93.91,0.25,0,01/07/2023 10:15:52
19.43,3.85,33.90,54.00,4.89,1,1,48.24,93.91,0.25,0,01/07/2023 10:15:53
5.73,10.07,33.90,54.00,4.89,1,1,48.24,93.91,0.25,0,01/07/2023 10:15:54
2.63,13.73,33.90,54.00,4.89,1,1,48.24,93.91,0.25,0,01/07/2023 10:15:55
0.01,16.01,33.90,54.00,4.89,1,1,48.24,93.91,0.25,0,01/07/2023 10:15:56
0.05,15.74,33.90,54.00,4.89,1,1,48.24,93.91,0.25,0,01/07/2023 10:15:57
0.07,15.77,33.90,54.00,4.89,1,1,48.24,93.91,0.25,0,01/07/2023 10:15:58
0.03,15.53,33.90,54.00,4.89,1,1,48.24,93.91,0.25,0,01/07/2023 10:15:59
0.01,15.26,33.90,54.00,4.89,1,1,48.24,93.91,0.25,0,01/07/2023 10:16:00
0.05,14.87,33.90,54.00,4.89,1,1,48.24,93.91,0.25,0,01/07/2023 10:16:01
0.07,14.75,33.90,54.00,4.89,1,1,48.24,93.91,0.25,0,01/07/2023 10:16:02
0.03,14.36,33.90,54.00,4.89,1,1,48.24,93.91,0.25,0,01/07/2023 10:16:03
0.03,14.21,33.90,54.00,4.89,1,1,48.24,93.91,0.25,0,01/07/2023 10:16:04
0.03,14.09,33.90,54.00,4.89,1,1,48.24,93.91,0.25,0,01/07/2023 10:16:05
0.03,14.09,33.90,54.00,4.89,1,1,48.24,93.91,0.25,0,01/07/2023 10:16:06
0.01,13.94,33.90,54.00,4.89,1,1,48.24,93.91,0.25,0,01/07/2023 10:16:07
0.09,13.76,33.90,54.00,4.89,1,1,48.24,93.91,0.25,0,01/07/2023 10:16:08
0.01,13.76,33.90,55.00,4.89,1,1,48.24,93.91,0.25,0,01/07/2023 10:16:09
0.05,13.49,33.90,55.00,4.89,1,1,48.24,93.91,0.25,0,01/07/2023 10:16:10
0.03,13.67,33.90,55.00,4.89,1,1,48.24,93.91,0.25,0,01/07/2023 10:16:11
0.07,13.64,33.90,55.00,4.89,1,1,48.24,93.91,0.25,0,01/07/2023 10:16:12
0.65,12.80,33.90,55.00,4.89,1,1,48.24,93.91,0.25,0,01/07/2023 10:16:13
1.55,11.96,33.90,55.00,4.89,1,1,48.24,93.91,0.25,0,01/07/2023 10:16:14
3.53,10.25,33.80,55.00,4.89,1,1,48.24,93.91,0.25,0,01/07/2023 10:16:15
3.83,9.98,33.80,55.00,4.89,1,1,48.24,93.91,0.25,0,01/07/2023 10:16:16
6.61,7.43,33.80,55.00,4.89,1,1,48.24,93.91,0.25,0,01/07/2023 10:16:17
7.39,6.50,33.80,55.00,4.89,1,1,48.24,93.91,0.25,0,01/07/2023 10:16:18
7.51,6.65,33.80,55.00,4.89,1,1,48.24,93.91,0.25,0,01/07/2023 10:16:19
7.67,6.56,33.80,55.00,4.89,1,1,48.24,93.91,0.25,0,01/07/2023 10:16:20
7.49,6.47,33.80,55.00,4.89,1,1,48.24,93.91,0.25,0,01/07/2023 10:16:21
7.65,6.29,33.80,55.00,4.89,1,1,48.24,93.91,0.25,0,01/07/2023 10:16:22
11.19,3.20,33.80,55.00,4.89,1,1,48.24,93.91,0.25,0,01/07/2023 10:16:23
11.35,2.69,33.80,55.00,4.89,1,1,48.24,93.91,0.25,0,01/07/2023 10:16:24
11.45,2.84,33.80,55.00,4.89,1,1,48.24,93.91,0.25,0,01/07/2023 10:16:25
15.87,1.00,33.80,55.00,4.89,1,1,48.24,93.91,0.25,0,01/07/2023 10:16:26
16.57,1.69,33.80,55.00,4.89,1,1,48.24,93.91,0.25,0,01/07/2023 10:16:27
16.87,1.90,33.80,55.00,4.89,1,1,48.24,93.91,0.25,0,01/07/2023 10:16:29
25.45,9.64,33.80,55.00,4.89,1,1,48.24,93.91,0.25,0,01/07/2023 10:16:29
26.79,10.93,33.80,55.00,4.89,1,1,48.24,93.91,0.25,0,01/07/2023 10:16:30
27.09,12.25,33.80,54.00,4.89,1,1,48.24,93.91,0.25,0,01/07/2023 10:16:31
27.45,11.71,33.80,54.00,4.89,1,1,48.24,93.91,0.25,0,01/07/2023 10:16:32
27.13,11.68,33.80,54.00,4.89,1,1,48.24,93.91,0.25,0,01/07/2023 10:16:33
26.57,11.74,33.80,54.00,4.89,1,1,48.24,93.91,0.25,0,01/07/2023 10:16:34
27.65,12.34,33.80,54.00,4.89,1,1,48.24,93.91,0.25,0,01/07/2023 10:16:35
33.59,18.22,33.80,54.00,4.89,1,1,48.24,93.91,0.25,0,01/07/2023 10:16:36
35.35,19.81,33.80,54.00,4.89,1,1,48.24,93.91,0.25,0,01/07/2023 10:16:37
36.13,19.96,33.80,54.00,4.89,1,1,48.24,93.91,1.42,0,01/07/2023 10:16:38
35.95,20.50,33.80,54.00,4.89,1,1,48.24,93.91,1.42,0,01/07/2023 10:16:39
35.97,20.62,33.80,54.00,4.89,1,1,48.24,93.91,1.42,0,01/07/2023 10:16:40
36.43,21.34,33.80,54.00,4.89,1,1,48.24,93.91,1.42,0,01/07/2023 10:16:41
35.73,20.83,33.80,54.00,4.89,1,1,48.24,93.91,1.42,0,01/07/2023 10:16:42
35.79,20.20,33.80,54.00,4.89,1,1,48.24,93.91,1.42,0,01/07/2023 10:16:43
34.61,20.47,33.80,54.00,4.89,1,1,48.24,93.91,1.42,0,01/07/2023 10:16:44
35.21,20.92,33.70,55.00,4.89,1,1,48.24,93.91,1.42,0,01/07/2023 10:16:45
35.45,19.93,33.70,55.00,4.89,1,1,48.24,93.91,1.42,0,01/07/2023 10:16:46
56.25,41.95,33.80,55.00,4.89,1,1,48.24,93.91,1.42,0,01/07/2023 10:16:47
72.33,54.16,33.80,55.00,4.89,1,1,48.24,93.91,1.42,0,01/07/2023 10:16:48
70.41,51.61,33.70,55.00,4.89,1,1,48.24,93.91,1.42,0,01/07/2023 10:16:49
67.83,52.39,33.70,55.00,4.89,1,1,48.24,93.91,1.42,0,01/07/2023 10:16:50
66.33,49.09,33.70,55.00,4.89,1,1,48.24,93.91,1.42,0,01/07/2023 10:16:51
64.91,50.59,33.70,55.00,4.89,1,1,48.24,93.91,1.42,0,01/07/2023 10:16:52
68.83,51.64,33.70,55.00,4.89,1,1,48.24,93.91,1.42,0,01/07/2023 10:16:53
69.01,49.75,33.70,55.00,4.89,1,1,48.24,93.91,1.42,0,01/07/2023 10:16:54
69.03,53.26,33.70,55.00,4.89,1,1,48.24,93.91,1.42,0,01/07/2023 10:16:55
66.81,51.70,33.70,55.00,4.89,1,1,48.24,93.91,1.42,0,01/07/2023 10:16:56
67.77,51.46,33.70,54.00,4.89,1,1,48.24,93.91,1.42,0,01/07/2023 10:16:57
68.49,52.39,33.70,54.00,4.89,1,1,48.24,93.91,1.42,0,01/07/2023 10:16:58
67.37,52.54,33.70,54.00,4.89,1,1,48.24,93.91,1.42,0,01/07/2023 10:16:59
66.43,53.17,33.70,54.00,4.89,1,1,48.24,93.91,1.42,0,01/07/2023 10:17:00
69.37,51.01,33.70,54.00,4.89,1,1,48.24,93.91,1.42,0,01/07/2023 10:17:01
67.65,51.85,33.70,54.00,4.89,1,1,48.24,93.91,1.42,0,01/07/2023 10:17:02
67.91,51.58,33.70,54.00,4.89,1,1,48.24,93.91,1.42,0,01/07/2023 10:17:03
67.85,50.71,33.70,54.00,4.89,1,1,48.24,93.91,1.42,0,01/07/2023 10:17:04
66.79,52.60,33.70,54.00,4.89,1,1,48.24,93.91,1.42,0,01/07/2023 10:17:05
72.07,53.08,33.70,54.00,4.89,1,1,48.24,93.91,1.42,0,01/07/2023 10:17:06
71.67,53.56,33.70,54.00,4.89,1,1,48.24,93.91,1.42,0,01/07/2023 10:17:07
64.53,48.37,33.70,54.00,4.89,1,1,48.24,93.91,1.42,0,01/07/2023 10:17:08
25.49,11.74,33.70,54.00,4.89,1,1,48.24,93.91,1.42,0,01/07/2023 10:17:09
14.15,0.91,33.70,54.00,4.89,1,1,48.24,93.91,1.42,0,01/07/2023 10:17:10
24.79,9.94,33.70,54.00,4.89,1,1,48.24,93.91,1.42,0,01/07/2023 10:17:11
36.71,22.36,33.70,54.00,4.89,1,1,48.24,93.91,1.42,0,01/07/2023 10:17:12
40.81,25.96,-5.00,-5.00,4.89,1,1,48.24,93.91,1.42,0,01/07/2023 10:17:13
42.29,28.45,-5.00,-5.00,4.89,1,1,48.24,93.91,1.42,0,01/07/2023 10:17:16
45.73,29.41,33.70,54.00,4.89,1,1,48.24,93.91,14.00,0,01/07/2023 10:17:16
47.17,30.88,33.70,54.00,4.89,1,1,48.24,93.91,14.00,0,01/07/2023 10:17:16
73.33,55.69,33.70,55.00,4.89,1,1,48.24,93.91,14.00,0,01/07/2023 10:17:17
73.91,57.19,33.70,55.00,4.89,1,1,48.24,93.91,14.00,0,01/07/2023 10:17:18
71.47,54.49,33.60,55.00,4.89,1,1,48.24,93.91,14.00,0,01/07/2023 10:17:19
71.37,53.65,33.60,55.00,4.89,1,1,48.24,93.91,14.00,0,01/07/2023 10:17:20
70.29,51.19,33.70,55.00,4.89,1,1,48.24,93.91,14.00,0,01/07/2023 10:17:21
71.49,48.64,33.70,55.00,4.89,1,1,48.24,93.91,14.00,0,01/07/2023 10:17:22
67.31,48.88,33.70,55.00,4.89,1,1,48.24,93.91,14.00,0,01/07/2023 10:17:23
65.43,48.88,33.70,55.00,4.89,1,1,48.24,93.91,14.00,0,01/07/2023 10:17:24
65.83,47.41,33.70,55.00,4.89,1,1,48.24,93.91,14.00,0,01/07/2023 10:17:25
64.89,49.30,33.70,55.00,4.89,1,1,48.24,93.91,14.00,0,01/07/2023 10:17:26
65.95,49.51,33.60,55.00,4.89,1,1,48.24,93.91,14.00,0,01/07/2023 10:17:27
25.91,9.79,33.60,55.00,4.89,1,1,48.24,93.91,14.00,0,01/07/2023 10:17:28
11.79,2.72,33.70,55.00,4.89,1,1,48.24,93.91,14.00,0,01/07/2023 10:17:29
18.55,3.34,33.70,55.00,4.89,1,1,48.24,93.91,14.00,0,01/07/2023 10:17:30
39.61,23.26,33.70,55.00,4.89,1,1,48.24,93.91,14.00,0,01/07/2023 10:17:31
47.51,30.67,33.70,55.00,4.89,1,1,48.24,74.88,14.00,0,01/07/2023 10:17:32
51.89,35.02,33.70,55.00,4.89,1,1,48.24,74.88,14.00,0,01/07/2023 10:17:33
53.57,37.27,33.70,55.00,4.89,1,1,48.24,74.88,14.00,0,01/07/2023 10:17:34
54.93,37.00,33.70,55.00,4.89,1,1,48.24,74.88,14.00,0,01/07/2023 10:17:35
54.71,37.45,33.70,55.00,4.89,1,1,48.24,74.88,14.00,0,01/07/2023 10:17:36
54.15,40.09,33.70,55.00,4.89,1,1,48.24,74.88,14.00,0,01/07/2023 10:17:37
53.39,34.69,33.70,55.00,4.89,1,1,48.24,74.88,14.00,0,01/07/2023 10:17:38
65.59,52.45,33.70,56.00,4.89,1,1,48.24,74.88,14.00,0,01/07/2023 10:17:39
66.47,51.04,33.70,56.00,4.89,1,1,48.24,74.88,14.00,0,01/07/2023 10:17:40
67.55,48.94,33.70,56.00,4.89,1,1,48.24,74.88,14.00,0,01/07/2023 10:17:41
64.87,49.45,33.70,56.00,4.89,1,1,48.24,74.88,14.00,0,01/07/2023 10:17:42
64.95,48.40,33.70,56.00,4.89,1,1,48.24,74.88,14.00,0,01/07/2023 10:17:43
66.01,47.53,33.70,56.00,4.89,1,1,48.24,74.88,14.00,0,01/07/2023 10:17:44
65.17,48.64,33.70,56.00,4.89,1,1,48.24,74.88,14.00,0,01/07/2023 10:17:45
6.97,7.46,33.70,56.00,4.89,1,1,48.24,74.88,14.00,0,01/07/2023 10:17:46
0.67,13.34,33.70,56.00,4.89,1,1,48.24,74.88,14.00,0,01/07/2023 10:17:47
0.43,13.94,33.70,56.00,4.89,1,1,48.24,74.88,14.00,0,01/07/2023 10:17:48
0.33,14.27,33.70,56.00,4.89,1,1,48.24,74.88,14.00,0,01/07/2023 10:17:49
0.27,14.66,33.70,56.00,4.89,1,1,48.24,74.88,14.00,0,01/07/2023 10:17:50
0.17,15.08,-5.00,-5.00,4.89,1,1,49.45,74.88,14.00,0,01/07/2023 10:17:51
0.15,15.38,-5.00,-5.00,4.89,1,1,49.45,74.88,0.01,0,01/07/2023 10:17:52
0.11,15.59,33.70,56.00,4.89,1,1,49.45,74.88,0.01,0,01/07/2023 10:17:53
0.03,16.19,33.70,56.00,4.89,1,1,49.45,74.88,0.01,0,01/07/2023 10:17:54
0.97,15.62,33.70,56.00,4.89,1,1,49.45,74.88,0.01,0,01/07/2023 10:17:55
1.41,15.56,33.70,56.00,4.89,1,1,49.45,74.88,0.01,0,01/07/2023 10:17:56
5.67,11.48,33.60,56.00,4.89,1,1,49.45,74.88,0.01,0,01/07/2023 10:17:57
9.27,8.57,33.60,56.00,4.90,1,1,49.45,74.88,0.01,0,01/07/2023 10:17:58
10.13,7.79,-5.00,-5.00,4.90,1,1,49.45,74.88,0.01,0,01/07/2023 10:17:59
10.23,7.31,-5.00,-5.00,4.90,1,1,49.45,74.88,0.01,0,01/07/2023 10:18:00
10.45,6.92,33.60,56.00,4.89,1,1,49.45,74.88,0.01,0,01/07/2023 10:18:01
10.57,6.86,33.60,56.00,4.89,1,1,49.45,74.88,0.01,0,01/07/2023 10:18:02
10.59,6.02,33.60,56.00,4.89,1,1,49.45,74.88,0.01,0,01/07/2023 10:18:03
10.39,5.93,33.60,56.00,4.89,1,1,49.45,74.88,0.01,0,01/07/2023 10:18:04
10.35,6.02,33.60,56.00,4.89,1,1,49.45,74.88,0.01,0,01/07/2023 10:18:05
10.31,5.84,33.60,56.00,4.89,1,1,49.45,74.88,0.01,0,01/07/2023 10:18:06
10.61,5.78,33.60,56.00,4.89,1,1,49.45,74.88,0.01,0,01/07/2023 10:18:07
10.29,5.63,33.60,56.00,4.89,1,1,49.45,74.88,0.01,0,01/07/2023 10:18:08
10.51,5.57,33.60,56.00,4.89,1,1,49.45,74.88,0.01,0,01/07/2023 10:18:09
10.35,5.48,33.60,56.00,4.89,1,1,49.45,74.88,0.01,0,01/07/2023 10:18:10
10.39,5.33,33.60,56.00,4.89,1,1,49.45,74.88,0.01,0,01/07/2023 10:18:11
10.39,5.48,33.60,56.00,4.89,1,1,49.45,74.88,0.01,0,01/07/2023 10:18:12
10.23,5.72,33.60,57.00,4.89,1,1,49.45,74.88,0.01,0,01/07/2023 10:18:13
10.21,5.96,33.60,57.00,4.89,1,1,49.45,74.88,15.90,0,01/07/2023 10:18:14
10.05,5.96,33.60,57.00,4.89,1,1,49.45,74.88,0.02,0,01/07/2023 10:18:15
10.27,6.20,33.60,57.00,4.89,1,1,49.45,74.88,0.02,0,01/07/2023 10:18:16
10.07,5.66,33.60,57.00,4.89,1,1,49.45,74.88,0.02,0,01/07/2023 10:18:17
10.11,5.90,33.60,57.00,4.89,1,1,49.45,74.88,0.02,0,01/07/2023 10:18:18
9.97,5.54,33.50,57.00,4.89,1,1,49.45,74.88,0.02,0,01/07/2023 10:18:19
10.07,6.11,33.50,57.00,4.89,1,1,49.45,74.88,0.02,0,01/07/2023 10:18:20
9.99,6.08,33.60,56.00,4.89,1,1,49.45,74.88,0.02,0,01/07/2023 10:18:21
10.13,5.99,33.60,56.00,4.89,1,1,49.45,74.88,0.02,0,01/07/2023 10:18:22
10.03,5.54,33.60,56.00,4.89,1,1,49.45,74.88,0.02,0,01/07/2023 10:18:23
10.41,4.97,33.60,56.00,4.89,1,1,49.45,74.88,0.02,0,01/07/2023 10:18:24
10.31,5.39,33.60,56.00,4.89,1,1,49.45,74.88,0.02,0,01/07/2023 10:18:25
10.47,4.58,33.60,56.00,4.89,1,1,49.45,74.88,0.02,0,01/07/2023 10:18:26
10.73,4.52,33.60,56.00,4.89,1,1,49.45,74.88,0.02,0,01/07/2023 10:18:27
10.77,4.49,33.60,56.00,4.89,1,1,49.45,74.88,0.02,0,01/07/2023 10:18:28
10.77,4.79,33.60,56.00,4.89,1,1,49.45,74.88,0.02,0,01/07/2023 10:18:29
11.03,4.58,33.60,56.00,4.89,1,1,49.45,74.88,0.02,0,01/07/2023 10:18:30
11.17,4.88,33.60,57.00,4.89,1,1,49.45,74.88,0.02,0,01/07/2023 10:18:31
11.05,4.73,33.60,57.00,4.89,1,1,49.45,74.88,0.02,0,01/07/2023 10:18:32
11.03,4.67,33.60,57.00,4.89,1,1,49.45,74.88,0.02,0,01/07/2023 10:18:33
11.21,4.46,33.60,57.00,4.89,1,1,49.45,74.88,0.02,0,01/07/2023 10:18:34
11.07,3.86,33.60,57.00,4.89,1,1,49.45,74.88,0.02,0,01/07/2023 10:18:35
11.31,3.62,33.60,57.00,4.89,1,1,49.45,74.88,0.02,0,01/07/2023 10:18:36
11.55,3.53,33.60,57.00,4.89,1,1,49.45,74.88,0.02,0,01/07/2023 10:18:37
11.67,2.60,33.60,57.00,4.89,1,1,49.45,74.88,0.02,0,01/07/2023 10:18:38
16.63,1.51,33.50,57.00,4.89,1,1,49.45,74.88,0.02,0,01/07/2023 10:18:39
17.81,3.34,33.50,57.00,4.89,1,1,49.45,74.88,0.02,0,01/07/2023 10:18:40
18.31,4.03,33.50,57.00,4.89,1,1,49.45,74.88,0.02,0,01/07/2023 10:18:41
17.95,3.79,33.50,57.00,4.89,1,1,49.45,74.88,0.02,0,01/07/2023 10:18:42
17.71,3.94,33.50,57.00,4.89,1,1,49.45,74.88,0.02,0,01/07/2023 10:18:43
17.01,3.46,33.50,57.00,4.89,1,1,51.88,74.88,0.02,0,01/07/2023 10:18:44
16.55,3.01,33.50,57.00,4.89,1,1,51.88,74.88,1.63,0,01/07/2023 10:18:45
16.15,2.83,33.50,57.00,4.89,1,1,51.88,74.88,1.63,0,01/07/2023 10:18:46
16.07,2.41,33.50,57.00,4.89,1,1,51.88,74.88,1.63,0,01/07/2023 10:18:47
18.61,5.29,33.50,57.00,4.89,1,1,51.88,74.88,1.63,0,01/07/2023 10:18:48
19.05,6.25,33.50,57.00,4.89,1,1,51.88,74.88,1.63,0,01/07/2023 10:18:49
19.85,6.58,33.50,57.00,4.89,1,1,51.88,74.88,1.63,0,01/07/2023 10:18:50
20.05,7.12,33.40,57.00,4.89,1,1,51.88,74.88,1.63,0,01/07/2023 10:18:51
19.95,7.18,33.40,57.00,4.89,1,1,51.88,74.88,1.63,0,01/07/2023 10:18:52
20.37,6.94,33.50,57.00,4.89,1,1,51.88,74.88,1.63,0,01/07/2023 10:18:53
20.09,7.12,33.50,57.00,4.89,1,1,51.88,74.88,1.63,0,01/07/2023 10:18:54
20.27,7.39,33.40,57.00,4.89,1,1,51.88,74.88,1.63,0,01/07/2023 10:18:55
19.97,7.21,33.40,57.00,4.89,1,1,51.88,74.88,1.63,0,01/07/2023 10:18:56
19.77,6.97,33.50,57.00,4.89,1,1,51.88,74.88,1.63,0,01/07/2023 10:18:57
19.59,6.70,33.50,57.00,4.89,1,1,51.88,74.88,1.63,0,01/07/2023 10:18:58
19.33,6.88,33.50,57.00,4.89,1,1,51.88,74.88,1.63,0,01/07/2023 10:18:59
19.03,6.52,33.50,57.00,4.89,1,1,51.88,74.88,1.63,0,01/07/2023 10:19:00
19.71,6.58,33.40,57.00,4.89,1,1,51.88,74.88,1.63,0,01/07/2023 10:19:01
19.51,6.49,33.40,57.00,4.89,1,1,51.88,74.88,1.63,0,01/07/2023 10:19:02
19.77,6.58,33.50,58.00,4.89,1,1,51.88,74.88,1.63,0,01/07/2023 10:19:03
19.91,6.28,33.50,58.00,4.89,1,1,51.88,74.88,1.63,0,01/07/2023 10:19:04
19.43,6.58,33.50,58.00,4.89,1,1,51.88,74.88,1.63,0,01/07/2023 10:19:05
19.59,6.19,33.50,58.00,4.89,1,1,51.88,74.88,1.63,0,01/07/2023 10:19:06
19.39,6.25,33.50,58.00,4.89,1,1,51.88,74.88,1.63,0,01/07/2023 10:19:07
19.49,5.95,33.50,58.00,4.89,1,1,51.88,74.88,1.63,0,01/07/2023 10:19:08
19.75,5.92,33.40,58.00,4.89,1,1,51.88,74.88,1.63,0,01/07/2023 10:19:09
19.71,5.77,33.40,58.00,4.89,1,1,51.88,74.88,1.63,0,01/07/2023 10:19:10
19.19,5.86,33.50,58.00,4.89,1,1,51.88,74.88,1.63,0,01/07/2023 10:19:11
19.57,5.53,33.50,58.00,4.89,1,1,51.88,74.88,1.63,0,01/07/2023 10:19:12
19.65,5.08,33.50,58.00,4.89,1,1,51.88,74.88,1.63,0,01/07/2023 10:19:13
19.69,4.87,33.50,58.00,4.89,1,1,51.88,74.88,1.63,0,01/07/2023 10:19:14
19.49,4.06,33.40,58.00,4.89,1,1,51.88,74.88,1.63,0,01/07/2023 10:19:15
19.57,3.55,33.40,58.00,4.89,1,1,51.88,74.88,1.63,0,01/07/2023 10:19:16
19.33,3.73,33.40,58.00,4.89,1,1,51.88,74.88,1.63,0,01/07/2023 10:19:17
19.37,2.89,33.40,58.00,4.89,1,1,51.88,74.88,1.63,0,01/07/2023 10:19:18
19.45,2.74,33.40,58.00,4.89,1,1,51.88,74.88,1.63,0,01/07/2023 10:19:19
19.55,2.26,33.40,58.00,4.89,1,1,51.88,74.88,1.63,0,01/07/2023 10:19:20
18.99,1.84,33.50,58.00,4.90,1,1,51.88,74.88,1.63,0,01/07/2023 10:19:21
19.35,1.51,33.50,58.00,4.90,1,1,51.88,74.88,1.63,0,01/07/2023 10:19:22
19.15,1.03,33.50,58.00,4.90,1,1,51.88,74.88,1.63,0,01/07/2023 10:19:23
19.45,0.43,33.50,58.00,4.90,1,1,51.88,74.88,1.63,0,01/07/2023 10:19:24
19.55,0.32,33.40,58.00,4.90,1,1,51.88,74.88,1.63,0,01/07/2023 10:19:25
19.55,0.32,33.40,58.00,4.90,1,1,51.88,74.88,1.63,0,01/07/2023 10:19:26
19.35,0.98,33.40,58.00,4.90,1,1,51.88,74.88,1.63,0,01/07/2023 10:19:27
16.91,3.77,33.40,58.00,4.90,1,1,51.88,74.88,1.63,0,01/07/2023 10:19:28
7.99,13.07,33.40,58.00,4.90,1,1,51.88,74.88,1.63,0,01/07/2023 10:19:29
5.95,15.47,33.40,58.00,4.90,1,1,51.88,74.88,1.63,0,01/07/2023 10:19:30
0.85,20.81,-5.00,-5.00,4.90,1,1,51.88,74.88,1.63,0,01/07/2023 10:19:31
0.95,20.93,-5.00,-5.00,4.90,1,1,51.88,74.88,1.63,0,01/07/2023 10:19:32
5.41,17.09,33.50,58.00,4.90,1,1,51.88,74.88,1.63,0,01/07/2023 10:19:33
7.59,15.41,33.50,58.00,4.91,1,1,51.88,74.88,1.63,0,01/07/2023 10:19:34
8.33,14.72,-5.00,-5.00,4.90,1,1,51.88,74.88,1.63,0,01/07/2023 10:19:35
8.69,14.48,-5.00,-5.00,4.90,1,1,51.88,74.88,1.36,0,01/07/2023 10:19:36
8.37,14.57,33.40,58.00,4.90,1,1,51.88,74.88,1.36,0,01/07/2023 10:19:37
0.11,21.92,33.40,58.00,4.90,1,1,51.88,74.88,1.36,0,01/07/2023 10:19:38
0.07,21.62,33.40,58.00,4.90,1,1,51.88,74.88,1.36,0,01/07/2023 10:19:39
0.11,21.38,33.40,58.00,4.90,1,1,51.88,74.88,1.36,0,01/07/2023 10:19:40
0.11,21.23,33.40,58.00,4.90,1,1,51.88,74.88,1.36,0,01/07/2023 10:19:41
0.09,21.08,33.40,58.00,4.90,1,1,51.88,74.88,1.36,0,01/07/2023 10:19:42
0.09,20.60,33.40,58.00,4.90,1,1,51.88,74.88,1.36,0,01/07/2023 10:19:43
0.05,16.49,33.40,58.00,4.89,1,1,51.88,74.88,1.36,0,01/07/2023 10:19:44
0.07,16.52,33.40,58.00,4.90,1,1,51.88,74.88,1.36,0,01/07/2023 10:19:45
0.07,16.61,33.40,58.00,4.89,1,1,51.88,74.88,1.36,0,01/07/2023 10:19:46
0.13,17.24,33.40,59.00,4.90,1,1,51.88,74.88,1.36,0,01/07/2023 10:19:47
0.01,16.04,33.40,59.00,4.89,1,1,51.88,74.88,1.36,0,01/07/2023 10:19:48
0.07,15.65,-5.00,-5.00,4.89,1,1,51.88,74.88,1.36,0,01/07/2023 10:19:49
0.07,16.31,-5.00,-5.00,4.89,1,1,51.88,74.88,1.36,0,01/07/2023 10:19:50
0.03,16.31,33.40,59.00,4.89,1,1,51.88,74.88,1.36,0,01/07/2023 10:19:51
0.01,17.45,33.40,59.00,4.90,1,1,51.88,74.88,1.36,0,01/07/2023 10:19:52
0.09,17.96,-5.00,-5.00,4.90,1,1,51.88,74.88,1.36,0,01/07/2023 10:19:53
0.07,18.71,-5.00,-5.00,4.90,1,1,51.88,74.88,1.36,0,01/07/2023 10:19:54
0.09,18.62,33.40,59.00,4.90,1,1,51.88,74.88,1.36,0,01/07/2023 10:19:55
0.07,18.50,33.40,59.00,4.90,1,1,51.88,74.88,1.36,0,01/07/2023 10:19:56
0.05,18.29,33.40,59.00,4.90,1,1,51.88,74.88,1.36,0,01/07/2023 10:19:57
0.05,14.93,33.40,59.00,4.89,1,1,51.88,74.88,1.36,0,01/07/2023 10:19:58
0.03,18.23,33.40,59.00,4.90,1,1,51.88,74.88,1.36,0,01/07/2023 10:19:59
0.05,18.17,33.40,59.00,4.90,1,1,51.88,74.88,1.36,0,01/07/2023 10:20:00
0.01,18.14,33.40,59.00,4.90,1,1,54.40,74.88,1.36,0,01/07/2023 10:20:01
0.05,18.26,33.40,59.00,4.90,1,1,54.40,74.88,16.70,0,01/07/2023 10:20:02
0.01,18.35,33.40,59.00,4.90,1,1,54.40,81.47,16.70,0,01/07/2023 10:20:03
0.09,18.26,33.40,59.00,4.90,1,1,54.40,81.47,16.70,0,01/07/2023 10:20:04
0.03,18.02,33.40,59.00,4.90,1,1,54.40,81.47,16.70,0,01/07/2023 10:20:05
0.05,18.47,33.40,59.00,4.90,1,1,54.40,81.47,16.70,0,01/07/2023 10:20:06
0.03,18.23,33.40,59.00,4.90,1,1,54.40,81.47,16.70,0,01/07/2023 10:20:07
0.01,17.87,33.40,59.00,4.90,1,1,54.40,81.47,16.70,0,01/07/2023 10:20:08
0.07,17.78,33.40,59.00,4.90,1,1,54.40,81.47,16.70,0,01/07/2023 10:20:09
0.05,18.08,33.40,59.00,4.90,1,1,54.40,81.47,16.70,0,01/07/2023 10:20:10
0.07,18.23,33.40,59.00,4.90,1,1,54.40,81.47,16.70,0,01/07/2023 10:20:11
0.05,18.11,33.40,59.00,4.90,1,1,54.40,81.47,16.70,0,01/07/2023 10:20:12
0.01,18.02,33.40,59.00,4.90,1,1,54.40,81.47,16.70,0,01/07/2023 10:20:13
0.07,18.05,33.40,59.00,4.90,1,1,54.40,81.47,16.70,0,01/07/2023 10:20:14
0.05,17.78,33.40,59.00,4.90,1,1,54.40,82.87,16.70,0,01/07/2023 10:20:15
0.01,16.91,33.40,59.00,4.89,1,1,54.40,82.87,16.70,0,01/07/2023 10:20:16
0.05,18.11,33.40,59.00,4.90,1,1,54.40,82.87,16.70,0,01/07/2023 10:20:17
0.07,17.78,33.40,59.00,4.90,1,1,54.40,82.87,16.70,0,01/07/2023 10:20:18
0.05,17.75,33.40,59.00,4.90,1,1,54.40,82.87,16.70,0,01/07/2023 10:20:19
0.03,17.60,33.40,59.00,4.90,1,1,54.40,82.87,16.70,0,01/07/2023 10:20:20
0.05,17.72,33.40,59.00,4.90,1,1,54.40,82.87,16.70,0,01/07/2023 10:20:21
0.01,18.02,33.40,59.00,4.90,1,1,54.40,82.87,16.70,0,01/07/2023 10:20:22
0.01,18.11,33.30,59.00,4.90,1,1,54.40,82.87,16.70,0,01/07/2023 10:20:23
0.05,17.96,33.30,59.00,4.90,1,1,54.40,82.87,16.70,0,01/07/2023 10:20:24
0.03,17.93,33.40,59.00,4.90,1,1,54.40,82.87,16.70,0,01/07/2023 10:20:25
0.05,17.81,33.40,59.00,4.90,1,1,54.40,82.87,16.70,0,01/07/2023 10:20:26
0.05,17.63,33.40,59.00,4.90,1,1,54.40,82.87,16.70,0,01/07/2023 10:20:27
0.03,17.60,33.40,59.00,4.90,1,1,54.40,82.87,16.70,0,01/07/2023 10:20:28
0.07,17.54,33.40,59.00,4.90,1,1,54.40,82.87,16.70,0,01/07/2023 10:20:29
0.05,17.42,33.40,59.00,4.90,1,1,54.40,82.87,16.70,0,01/07/2023 10:20:30
0.01,17.36,33.40,59.00,4.90,1,1,54.40,82.87,16.70,0,01/07/2023 10:20:31
0.05,17.12,33.40,59.00,4.90,1,1,54.40,82.87,16.70,0,01/07/2023 10:20:32
0.03,16.97,33.40,59.00,4.90,1,1,54.40,82.87,16.70,0,01/07/2023 10:20:33
0.03,16.85,33.40,59.00,4.89,1,1,54.40,82.87,16.70,0,01/07/2023 10:20:34
0.01,16.70,33.40,59.00,4.90,1,1,54.40,82.87,16.70,0,01/07/2023 10:20:35