66.11,55.72,34.80,43.00,4.88,1,1,46.85,77.65,13.00,0,01/07/2023 10:03:07
68.09,54.40,34.80,43.00,4.88,1,1,46.85,77.65,13.00,0,01/07/2023 10:03:08
66.31,51.43,34.80,43.00,4.89,1,1,46.85,77.65,13.00,0,01/07/2023 10:03:09
65.87,54.49,34.80,43.00,4.88,1,1,46.85,77.65,13.00,0,01/07/2023 10:03:10
48.17,36.37,34.80,43.00,4.88,1,1,46.85,77.65,13.00,0,01/07/2023 10:03:11
37.83,24.55,34.80,43.00,4.88,1,1,46.85,77.65,13.00,0,01/07/2023 10:03:12
35.03,21.97,34.80,43.00,4.88,1,1,46.85,77.65,13.00,0,01/07/2023 10:03:13
33.67,21.76,34.90,43.00,4.88,1,1,46.85,77.65,13.00,0,01/07/2023 10:03:14
33.95,23.44,34.90,43.00,4.88,1,1,46.85,77.65,13.00,0,01/07/2023 10:03:15
34.63,21.67,34.80,43.00,4.88,1,1,46.85,77.65,13.00,0,01/07/2023 10:03:16
35.01,20.92,34.80,43.00,4.88,1,1,46.87,77.65,13.00,0,01/07/2023 10:03:17
35.11,24.88,34.80,43.00,4.88,1,1,46.87,77.65,13.00,0,01/07/2023 10:03:18
34.99,23.17,34.80,43.00,4.88,1,1,46.87,77.58,13.00,0,01/07/2023 10:03:19
34.71,21.58,34.80,43.00,4.88,1,1,46.87,77.58,13.00,0,01/07/2023 10:03:20
34.33,20.80,34.80,43.00,4.88,1,1,46.87,77.58,13.00,0,01/07/2023 10:03:21
34.23,20.59,34.80,43.00,4.88,1,1,46.87,77.58,13.00,0,01/07/2023 10:03:22
34.93,21.76,34.80,43.00,4.88,1,1,46.87,77.58,13.00,0,01/07/2023 10:03:23
35.73,21.97,34.80,43.00,4.88,1,1,46.87,77.58,13.00,0,01/07/2023 10:03:24
35.51,22.78,34.80,43.00,4.88,1,1,46.87,77.58,13.00,0,01/07/2023 10:03:25
35.71,22.90,34.80,43.00,4.88,1,1,46.87,77.58,13.00,0,01/07/2023 10:03:26
36.91,22.99,34.80,43.00,4.88,1,1,46.87,77.58,13.00,0,01/07/2023 10:03:27
37.31,23.35,34.80,43.00,4.88,1,1,46.87,77.58,13.00,0,01/07/2023 10:03:28
36.83,24.13,34.80,43.00,4.88,1,1,46.87,77.58,13.00,0,01/07/2023 10:03:29
37.31,23.11,34.80,43.00,4.88,1,1,46.87,77.58,13.00,0,01/07/2023 10:03:30
36.73,24.73,34.80,43.00,4.88,1,1,46.87,77.58,13.00,0,01/07/2023 10:03:31
37.33,24.31,34.70,43.00,4.88,1,1,46.87,77.58,13.00,0,01/07/2023 10:03:32
37.39,24.25,34.70,43.00,4.88,1,1,46.87,77.58,13.00,0,01/07/2023 10:03:33
37.41,23.92,34.70,44.00,4.88,1,1,46.87,77.58,13.00,0,01/07/2023 10:03:34
36.87,24.25,34.70,44.00,4.88,1,1,46.87,77.58,13.00,0,01/07/2023 10:03:35
37.31,23.62,34.70,44.00,4.88,1,1,46.87,77.58,13.00,0,01/07/2023 10:03:36
37.29,22.96,34.70,44.00,4.88,1,1,46.87,77.58,13.00,0,01/07/2023 10:03:37
41.75,27.70,34.70,44.00,4.88,1,1,46.87,77.58,13.00,0,01/07/2023 10:03:38
42.53,28.24,34.70,44.00,4.88,1,1,46.87,77.58,13.00,0,01/07/2023 10:03:39
42.75,28.21,34.70,44.00,4.89,1,1,46.87,77.58,13.00,0,01/07/2023 10:03:40
42.67,28.21,34.70,44.00,4.88,1,1,46.87,77.58,13.00,0,01/07/2023 10:03:41
42.43,28.03,34.70,44.00,4.88,1,1,46.87,77.58,13.00,0,01/07/2023 10:03:42
43.51,28.87,34.70,44.00,4.88,1,1,46.87,77.58,13.00,0,01/07/2023 10:03:43
42.81,29.08,34.70,44.00,4.88,1,1,46.87,77.58,13.00,0,01/07/2023 10:03:44
42.73,28.96,34.70,44.00,4.88,1,1,46.87,77.58,13.00,0,01/07/2023 10:03:45
42.03,27.76,34.70,44.00,4.89,1,1,46.87,77.58,13.00,0,01/07/2023 10:03:46
41.21,25.84,34.70,44.00,4.89,1,1,46.87,77.58,13.00,0,01/07/2023 10:03:47
40.51,25.78,34.70,44.00,4.89,1,1,46.87,77.58,13.00,0,01/07/2023 10:03:48
40.07,25.72,34.70,44.00,4.88,1,1,46.87,77.58,13.00,0,01/07/2023 10:03:49
39.19,25.33,34.70,44.00,4.88,1,1,46.87,77.58,13.00,0,01/07/2023 10:03:50
39.31,25.72,34.70,44.00,4.89,1,1,46.87,77.58,13.00,0,01/07/2023 10:03:51
39.83,25.57,34.70,44.00,4.89,1,1,46.87,77.58,13.00,0,01/07/2023 10:03:52
40.57,25.60,34.70,44.00,4.89,1,1,46.87,77.58,13.00,0,01/07/2023 10:03:53
40.27,26.14,34.70,44.00,4.89,1,1,46.87,77.58,13.00,0,01/07/2023 10:03:54
40.51,24.82,34.70,44.00,4.89,1,1,46.87,77.58,13.00,0,01/07/2023 10:03:55
40.13,25.90,34.80,44.00,4.89,1,1,46.87,77.58,13.00,0,01/07/2023 10:03:56
32.15,18.46,34.80,44.00,4.89,1,1,46.87,77.58,13.00,0,01/07/2023 10:03:57
2.73,9.92,34.70,44.00,4.88,1,1,46.87,77.58,13.00,0,01/07/2023 10:03:58
0.15,11.81,34.70,44.00,4.88,1,1,46.87,77.58,13.00,0,01/07/2023 10:03:59
0.13,11.51,34.70,44.00,4.88,1,1,46.87,77.58,13.00,0,01/07/2023 10:04:00
0.17,12.11,34.70,44.00,4.88,1,1,46.87,77.58,13.00,0,01/07/2023 10:04:01
0.13,12.20,34.70,44.00,4.88,1,1,46.87,77.58,13.00,0,01/07/2023 10:04:02
0.07,11.96,34.70,44.00,4.88,1,1,46.87,77.58,13.00,0,01/07/2023 10:04:03
0.13,11.99,34.70,44.00,4.88,1,1,46.87,77.58,13.00,0,01/07/2023 10:04:04
0.11,11.84,34.70,44.00,4.88,1,1,46.87,77.58,13.00,0,01/07/2023 10:04:05
0.13,11.93,34.70,44.00,4.88,1,1,46.87,77.58,13.00,0,01/07/2023 10:04:06
2.11,9.92,34.70,44.00,4.88,1,1,46.87,77.58,13.00,0,01/07/2023 10:04:07
3.19,8.75,34.70,44.00,4.88,1,1,46.87,77.58,13.00,0,01/07/2023 10:04:08
2.93,9.23,34.70,44.00,4.88,1,1,46.87,77.58,13.00,0,01/07/2023 10:04:09
4.73,7.61,34.70,45.00,4.88,1,1,46.87,77.58,13.00,0,01/07/2023 10:04:10
4.61,7.55,34.70,45.00,4.88,1,1,46.87,77.58,13.00,0,01/07/2023 10:04:11
6.89,5.54,34.70,45.00,4.88,1,1,46.87,77.58,13.00,0,01/07/2023 10:04:12
10.25,2.30,34.70,45.00,4.88,1,1,46.87,77.58,13.00,0,01/07/2023 10:04:13
11.01,1.52,34.70,45.00,4.88,1,1,46.87,77.58,13.00,0,01/07/2023 10:04:14
7.21,4.79,34.70,45.00,4.88,1,1,46.87,77.58,13.00,0,01/07/2023 10:04:15
9.03,3.44,34.70,45.00,4.88,1,1,46.87,77.58,13.00,0,01/07/2023 10:04:16
8.21,4.04,34.70,45.00,4.88,1,1,46.87,77.58,13.00,0,01/07/2023 10:04:17
7.77,4.76,34.70,45.00,4.88,1,1,46.87,77.58,13.00,0,01/07/2023 10:04:18
8.41,4.16,34.70,45.00,4.88,1,1,46.87,77.58,13.00,0,01/07/2023 10:04:19
8.99,3.59,34.70,45.00,4.88,1,1,46.87,77.58,13.00,0,01/07/2023 10:04:20
8.63,3.89,34.70,45.00,4.88,1,1,46.87,77.58,13.00,0,01/07/2023 10:04:21
8.01,4.25,34.70,45.00,4.88,1,1,46.87,77.58,13.00,0,01/07/2023 10:04:22
0.65,11.36,34.70,45.00,4.88,1,1,46.87,77.58,13.00,0,01/07/2023 10:04:23
0.03,11.84,34.60,45.00,4.88,1,1,46.87,77.58,13.00,0,01/07/2023 10:04:24
0.05,11.81,34.60,45.00,4.88,1,1,46.87,77.58,13.00,0,01/07/2023 10:04:25
0.21,11.51,34.60,45.00,4.88,1,1,46.87,77.58,13.00,0,01/07/2023 10:04:26
2.19,9.74,34.60,45.00,4.88,1,1,46.87,77.58,13.00,0,01/07/2023 10:04:27
0.21,11.69,34.60,45.00,4.88,1,1,46.87,77.58,13.00,0,01/07/2023 10:04:28
0.07,11.51,34.60,45.00,4.88,1,1,46.87,77.58,13.00,0,01/07/2023 10:04:29
0.21,11.60,34.60,45.00,4.88,1,1,46.87,77.58,13.00,0,01/07/2023 10:04:30
0.11,11.57,34.60,45.00,4.88,1,1,46.87,77.58,13.00,0,01/07/2023 10:04:31
0.11,11.51,34.60,45.00,4.88,1,1,46.87,77.58,13.00,0,01/07/2023 10:04:32
0.47,11.39,34.60,45.00,4.88,1,1,46.87,77.58,13.00,0,01/07/2023 10:04:33
2.65,9.17,34.60,45.00,4.88,1,1,46.87,77.58,13.00,0,01/07/2023 10:04:34
4.49,7.52,34.60,45.00,4.88,1,1,46.87,77.58,13.00,0,01/07/2023 10:04:35
8.71,3.41,34.60,45.00,4.88,1,1,46.87,77.58,13.00,0,01/07/2023 10:04:36
13.65,1.33,34.60,45.00,4.88,1,1,46.87,77.58,13.00,0,01/07/2023 10:04:37
2.77,9.11,34.50,45.00,4.88,1,1,46.87,77.58,13.00,0,01/07/2023 10:04:38
0.09,11.78,34.50,45.00,4.88,1,1,46.87,77.58,13.00,0,01/07/2023 10:04:39
2.25,9.53,34.60,45.00,4.88,1,1,46.87,77.58,13.00,0,01/07/2023 10:04:40
3.97,7.91,34.60,45.00,4.88,1,1,46.87,77.58,13.00,0,01/07/2023 10:04:41
8.11,4.01,34.60,46.00,4.88,1,1,46.87,77.58,13.00,0,01/07/2023 10:04:42
9.83,2.21,34.60,46.00,4.88,1,1,46.87,77.58,13.00,0,01/07/2023 10:04:43
10.53,1.79,34.50,46.00,4.88,1,1,46.87,77.58,13.00,0,01/07/2023 10:04:44
12.77,0.34,34.50,46.00,4.88,1,1,46.87,77.58,13.00,0,01/07/2023 10:04:45
14.89,2.35,34.50,46.00,4.88,1,1,46.87,77.58,13.00,0,01/07/2023 10:04:46
15.19,2.26,34.50,46.00,4.88,1,1,46.87,77.58,13.00,0,01/07/2023 10:04:47
14.57,2.26,34.50,46.00,4.88,1,1,46.87,77.58,13.00,0,01/07/2023 10:04:48
20.51,7.60,34.50,46.00,4.88,1,1,46.87,77.58,13.00,0,01/07/2023 10:04:52
28.93,15.19,34.50,46.00,4.89,1,1,46.87,77.58,13.00,0,01/07/2023 10:04:52
31.35,17.02,34.50,46.00,4.89,1,1,46.87,77.58,13.00,0,01/07/2023 10:04:52
32.31,17.62,34.50,46.00,4.89,1,1,46.87,77.58,13.00,0,01/07/2023 10:04:52
32.09,18.46,34.50,46.00,4.89,1,1,46.87,77.58,13.00,0,01/07/2023 10:04:53
31.45,17.71,34.50,46.00,4.89,1,1,46.87,77.58,13.00,0,01/07/2023 10:04:54
31.59,17.05,34.50,46.00,4.89,1,1,46.87,77.58,13.00,0,01/07/2023 10:04:55
30.59,16.51,34.50,46.00,4.89,1,1,46.87,77.58,13.00,0,01/07/2023 10:04:56
29.71,16.03,34.50,46.00,4.89,1,1,46.87,77.58,13.00,0,01/07/2023 10:04:57
29.37,15.40,34.50,46.00,4.89,1,1,46.87,77.58,13.00,0,01/07/2023 10:04:58
29.23,15.34,34.50,46.00,4.89,1,1,46.87,77.58,13.00,0,01/07/2023 10:04:59
29.21,15.46,34.50,46.00,4.89,1,1,46.87,77.58,13.00,0,01/07/2023 10:05:00
29.27,14.35,34.50,46.00,4.89,1,1,46.87,77.58,13.00,0,01/07/2023 10:05:01
28.11,15.10,34.50,46.00,4.89,1,1,46.87,77.58,13.00,0,01/07/2023 10:05:02
28.89,15.88,34.50,46.00,4.89,1,1,46.87,77.58,13.00,0,01/07/2023 10:05:03
29.21,15.46,34.50,47.00,4.89,1,1,46.87,77.58,13.00,0,01/07/2023 10:05:04
29.05,14.50,34.50,47.00,4.89,1,1,46.87,77.58,13.00,0,01/07/2023 10:05:05
28.95,14.20,-5.00,-5.00,4.89,1,1,46.87,77.58,13.00,0,01/07/2023 10:05:06
28.13,14.35,-5.00,-5.00,4.89,1,1,46.87,77.58,13.00,0,01/07/2023 10:05:07
28.91,13.54,34.50,47.00,4.89,1,1,46.87,77.58,13.00,0,01/07/2023 10:05:08
28.99,13.87,34.50,47.00,4.89,1,1,46.87,77.58,13.00,0,01/07/2023 10:05:09
28.03,14.44,34.50,47.00,4.89,1,1,46.87,77.58,13.00,0,01/07/2023 10:05:10
28.43,14.68,34.50,47.00,4.89,1,1,46.87,77.58,13.00,0,01/07/2023 10:05:11
29.37,15.01,-5.00,-5.00,4.89,1,1,46.87,77.58,13.00,0,01/07/2023 10:05:12
28.93,14.80,-5.00,-5.00,4.89,1,1,46.87,77.58,13.00,0,01/07/2023 10:05:13
28.91,14.71,34.50,47.00,4.89,1,1,46.87,77.58,13.00,0,01/07/2023 10:05:14
28.91,14.98,34.50,47.00,4.89,1,1,46.87,77.58,13.00,0,01/07/2023 10:05:15
29.57,14.08,34.40,47.00,4.89,1,1,46.87,77.58,13.00,0,01/07/2023 10:05:16
28.97,13.75,34.40,47.00,4.89,1,1,46.87,77.58,13.00,0,01/07/2023 10:05:17
27.81,14.08,34.40,47.00,4.89,1,1,46.87,77.58,13.00,0,01/07/2023 10:05:18
28.27,13.66,34.40,47.00,4.89,1,1,46.87,77.58,13.00,0,01/07/2023 10:05:19
28.15,13.99,34.40,47.00,4.89,1,1,46.87,77.58,13.00,0,01/07/2023 10:05:20
29.31,13.48,34.40,47.00,4.89,1,1,46.87,77.58,13.00,0,01/07/2023 10:05:21
29.07,12.88,34.40,47.00,4.89,1,1,46.87,77.58,13.00,0,01/07/2023 10:05:22
31.49,16.84,34.40,47.00,4.89,1,1,46.87,77.58,13.00,0,01/07/2023 10:05:23
18.13,2.20,34.40,47.00,4.89,1,1,46.87,77.58,13.00,0,01/07/2023 10:05:24
0.19,13.43,34.40,47.00,4.89,1,1,46.87,77.58,13.00,0,01/07/2023 10:05:25
0.21,13.43,34.40,47.00,4.89,1,1,46.87,77.58,13.00,0,01/07/2023 10:05:26
0.15,13.37,34.40,47.00,4.89,1,1,46.87,77.58,13.00,0,01/07/2023 10:05:27
0.19,13.28,34.40,47.00,4.89,1,1,46.87,77.58,13.00,0,01/07/2023 10:05:28
2.37,11.09,34.40,47.00,4.89,1,1,46.87,77.58,13.00,0,01/07/2023 10:05:29
5.55,8.18,34.40,47.00,4.89,1,1,46.87,77.58,13.00,0,01/07/2023 10:05:30
6.41,7.46,34.40,47.00,4.89,1,1,46.87,77.58,13.00,0,01/07/2023 10:05:31
9.63,4.40,34.40,47.00,4.89,1,1,46.87,77.58,13.00,0,01/07/2023 10:05:32
10.35,3.65,34.40,47.00,4.89,1,1,46.87,77.58,13.00,0,01/07/2023 10:05:33
10.63,3.56,34.40,47.00,4.89,1,1,46.87,77.58,13.00,0,01/07/2023 10:05:34
10.57,3.35,34.40,47.00,4.89,1,1,46.87,77.58,13.00,0,01/07/2023 10:05:35
10.75,3.59,34.30,47.00,4.89,1,1,46.87,73.95,13.00,0,01/07/2023 10:05:36
10.87,3.32,34.30,47.00,4.89,1,1,46.87,73.95,13.00,0,01/07/2023 10:05:37
0.23,13.07,34.30,47.00,4.89,1,1,46.87,73.95,13.00,0,01/07/2023 10:05:38
0.17,12.95,34.30,47.00,4.89,1,1,46.87,73.95,13.00,0,01/07/2023 10:05:39
0.25,12.86,34.30,48.00,4.89,1,1,46.87,73.95,13.00,0,01/07/2023 10:05:40
0.19,12.83,34.30,48.00,4.89,1,1,46.87,73.95,13.00,0,01/07/2023 10:05:41
0.19,12.83,34.30,48.00,4.89,1,1,46.87,73.95,13.00,0,01/07/2023 10:05:42
0.19,12.77,34.30,48.00,4.89,1,1,46.87,73.95,13.00,0,01/07/2023 10:05:43
0.17,12.74,34.30,48.00,4.89,1,1,46.87,73.95,13.00,0,01/07/2023 10:05:44
0.17,12.65,34.30,48.00,4.89,1,1,46.87,73.95,13.00,0,01/07/2023 10:05:45
0.13,12.71,34.30,48.00,4.89,1,1,46.87,73.95,13.00,0,01/07/2023 10:05:46
0.13,12.65,34.30,48.00,4.89,1,1,46.87,73.95,13.00,0,01/07/2023 10:05:47
0.19,12.56,34.30,48.00,4.89,1,1,46.87,73.95,13.00,0,01/07/2023 10:05:48
0.13,12.65,34.30,48.00,4.89,1,1,51.71,73.95,13.00,0,01/07/2023 10:05:49
0.15,12.65,34.30,48.00,4.89,1,1,51.71,73.95,13.90,0,01/07/2023 10:05:50
0.13,12.74,34.30,48.00,4.89,1,1,51.71,80.78,13.90,0,01/07/2023 10:05:51
0.17,12.59,34.30,48.00,4.89,1,1,51.71,80.78,13.90,0,01/07/2023 10:05:52
0.17,12.74,34.30,48.00,4.89,1,1,51.71,80.78,13.90,0,01/07/2023 10:05:53
0.15,12.62,34.30,48.00,4.89,1,1,51.71,80.78,13.90,0,01/07/2023 10:05:54
0.19,12.68,34.30,48.00,4.89,1,1,51.71,80.78,13.90,0,01/07/2023 10:05:55
0.13,12.74,34.30,48.00,4.89,1,1,51.71,80.78,13.90,0,01/07/2023 10:05:56
0.15,12.68,34.30,48.00,4.89,1,1,51.71,80.78,13.90,0,01/07/2023 10:05:57
0.15,12.35,34.30,48.00,4.89,1,1,51.71,80.78,13.90,0,01/07/2023 10:05:58
0.17,11.66,34.30,48.00,4.88,1,1,51.71,80.78,13.90,0,01/07/2023 10:05:59
0.13,12.38,34.30,48.00,4.89,1,1,51.71,80.78,13.90,0,01/07/2023 10:06:00
0.01,12.65,34.30,48.00,4.89,1,1,51.71,80.78,13.90,0,01/07/2023 10:06:01
0.11,12.71,34.30,48.00,4.89,1,1,51.71,80.78,13.90,0,01/07/2023 10:06:02
0.13,12.41,34.30,48.00,4.89,1,1,51.71,80.78,13.90,0,01/07/2023 10:06:03
0.13,12.38,34.30,48.00,4.89,1,1,51.71,80.78,13.90,0,01/07/2023 10:06:04
0.11,11.84,34.30,48.00,4.88,1,1,51.71,80.78,13.90,0,01/07/2023 10:06:05
0.09,11.69,34.30,48.00,4.88,1,1,51.71,80.78,13.90,0,01/07/2023 10:06:06
0.09,11.57,34.30,48.00,4.88,1,1,51.71,80.78,13.90,0,01/07/2023 10:06:07
0.13,11.57,34.30,48.00,4.88,1,1,51.71,80.78,13.90,0,01/07/2023 10:06:08
0.13,11.78,34.30,48.00,4.88,1,1,51.71,80.78,13.90,0,01/07/2023 10:06:09
0.13,11.69,34.30,48.00,4.89,1,1,51.71,80.78,13.90,0,01/07/2023 10:06:10
0.11,12.20,34.30,48.00,4.89,1,1,51.71,80.78,13.90,0,01/07/2023 10:06:11
0.15,12.44,34.30,49.00,4.89,1,1,51.71,80.78,13.90,0,01/07/2023 10:06:12
0.13,12.08,34.30,49.00,4.89,1,1,51.71,80.78,13.90,0,01/07/2023 10:06:13
0.15,12.50,34.30,49.00,4.89,1,1,51.71,80.78,13.90,0,01/07/2023 10:06:14
0.05,12.32,34.30,49.00,4.89,1,1,51.71,80.78,13.90,0,01/07/2023 10:06:15
0.13,12.29,34.30,49.00,4.89,1,1,51.71,80.78,13.90,0,01/07/2023 10:06:16
0.13,12.32,34.30,49.00,4.89,1,1,51.71,80.78,13.90,0,01/07/2023 10:06:17
0.07,12.23,34.20,49.00,4.89,1,1,51.71,80.78,13.90,0,01/07/2023 10:06:18
0.19,11.36,34.20,49.00,4.88,1,1,51.71,80.78,13.90,0,01/07/2023 10:06:19
0.09,11.39,34.20,49.00,4.88,1,1,51.71,80.78,13.90,0,01/07/2023 10:06:20
0.11,11.90,34.20,49.00,4.88,1,1,51.71,80.78,13.90,0,01/07/2023 10:06:21
0.11,11.87,34.20,49.00,4.88,1,1,51.71,80.78,13.90,0,01/07/2023 10:06:22
0.17,12.02,34.20,49.00,4.88,1,1,51.71,80.78,13.90,0,01/07/2023 10:06:23
0.13,12.02,34.20,49.00,4.88,1,1,51.71,80.78,13.90,0,01/07/2023 10:06:24
0.13,12.08,34.20,49.00,4.88,1,1,51.71,80.78,13.90,0,01/07/2023 10:06:25
0.19,11.84,34.20,49.00,4.88,1,1,51.71,80.78,13.90,0,01/07/2023 10:06:26
0.19,12.05,34.20,49.00,4.89,1,1,51.71,80.78,13.90,0,01/07/2023 10:06:27
0.11,11.81,34.20,49.00,4.88,1,1,51.71,80.78,13.90,0,01/07/2023 10:06:28
0.13,11.75,34.20,49.00,4.88,1,1,51.71,80.78,13.90,0,01/07/2023 10:06:29
0.15,11.84,34.20,49.00,4.88,1,1,51.71,80.78,13.90,0,01/07/2023 10:06:30
0.11,11.78,34.20,49.00,4.88,1,1,51.71,80.78,13.90,0,01/07/2023 10:06:31
0.11,11.87,34.20,49.00,4.89,1,1,51.71,80.78,13.90,0,01/07/2023 10:06:32
0.11,12.02,34.20,49.00,4.89,1,1,51.71,80.78,13.90,0,01/07/2023 10:06:33
0.13,11.63,34.20,49.00,4.88,1,1,51.71,80.78,13.90,0,01/07/2023 10:06:34
0.13,11.57,34.20,49.00,4.88,1,1,51.71,80.78,13.90,0,01/07/2023 10:06:35
0.15,11.12,34.20,49.00,4.88,1,1,51.71,80.78,13.90,0,01/07/2023 10:06:36
0.11,10.76,34.20,49.00,4.88,1,1,51.71,80.78,13.90,0,01/07/2023 10:06:37
0.07,10.58,34.10,50.00,4.88,1,1,51.71,80.78,13.90,0,01/07/2023 10:06:38
2.19,8.87,34.10,50.00,4.88,1,1,51.71,80.78,13.90,0,01/07/2023 10:06:39
10.13,1.19,34.10,50.00,4.88,1,1,51.71,80.78,13.90,0,01/07/2023 10:06:40
11.25,0.11,34.10,50.00,4.88,1,1,51.71,80.78,13.90,0,01/07/2023 10:06:41
0.03,11.15,34.10,50.00,4.88,1,1,51.71,80.78,13.90,0,01/07/2023 10:06:42
0.11,11.69,34.10,50.00,4.88,1,1,51.71,80.78,13.90,0,01/07/2023 10:06:43
0.09,11.78,34.10,50.00,4.88,1,1,51.71,80.78,13.90,0,01/07/2023 10:06:44
0.13,12.02,34.10,50.00,4.89,1,1,51.71,80.78,13.90,0,01/07/2023 10:06:45
0.13,12.05,34.10,50.00,4.88,1,1,51.71,80.78,13.90,0,01/07/2023 10:06:46
0.11,12.05,34.10,50.00,4.89,1,1,51.71,80.78,13.90,0,01/07/2023 10:06:47
0.11,12.08,34.10,50.00,4.89,1,1,51.71,80.78,13.90,0,01/07/2023 10:06:48
0.11,12.17,34.10,50.00,4.89,1,1,51.71,80.78,13.90,0,01/07/2023 10:06:49
0.11,12.08,34.10,50.00,4.89,1,1,51.71,80.78,13.90,0,01/07/2023 10:06:50
0.09,12.17,34.10,50.00,4.89,1,1,51.71,80.78,13.90,0,01/07/2023 10:06:51
0.05,12.11,34.10,50.00,4.89,1,1,51.71,80.78,13.90,0,01/07/2023 10:06:52
0.05,12.11,34.10,50.00,4.89,1,1,51.71,80.78,13.90,0,01/07/2023 10:06:53
0.11,12.17,34.10,50.00,4.89,1,1,51.71,80.78,13.90,0,01/07/2023 10:06:54
0.09,11.99,34.10,50.00,4.89,1,1,51.71,80.78,13.90,0,01/07/2023 10:06:55
0.09,11.87,34.10,50.00,4.89,1,1,51.71,80.78,13.90,0,01/07/2023 10:06:56
0.03,12.02,34.10,50.00,4.89,1,1,51.71,80.78,13.90,0,01/07/2023 10:06:57
0.17,11.18,34.10,50.00,4.88,1,1,51.71,80.78,13.90,0,01/07/2023 10:06:58
0.11,11.54,34.10,50.00,4.88,1,1,51.71,80.78,13.90,0,01/07/2023 10:06:59
0.09,9.77,34.10,50.00,4.88,1,1,51.71,80.78,13.90,0,01/07/2023 10:07:00
0.07,9.59,34.10,50.00,4.88,1,1,51.71,80.78,13.90,0,01/07/2023 10:07:01
0.01,9.59,34.10,50.00,4.88,1,1,51.71,80.78,13.90,0,01/07/2023 10:07:02
0.13,9.71,34.10,50.00,4.88,1,1,51.71,80.78,13.90,0,01/07/2023 10:07:03
0.05,9.86,34.10,50.00,4.88,1,1,51.71,80.78,13.90,0,01/07/2023 10:07:04
0.01,9.56,34.10,50.00,4.88,1,1,51.71,80.78,13.90,0,01/07/2023 10:07:05
0.09,9.74,34.20,50.00,4.88,1,1,51.71,80.78,13.90,0,01/07/2023 10:07:06
0.41,9.95,34.20,50.00,4.88,1,1,51.71,80.78,13.90,0,01/07/2023 10:07:07
0.39,9.98,34.30,50.00,4.88,1,1,51.71,80.78,13.90,0,01/07/2023 10:07:08
0.35,9.89,34.30,50.00,4.88,1,1,51.71,80.78,13.90,0,01/07/2023 10:07:09
0.39,9.89,34.30,50.00,4.88,1,1,51.71,80.78,13.90,0,01/07/2023 10:07:10
0.35,10.01,34.30,50.00,4.88,1,1,51.71,80.78,13.90,0,01/07/2023 10:07:11
0.39,10.04,34.30,50.00,4.88,1,1,51.71,80.78,13.90,0,01/07/2023 10:07:12
0.43,9.98,34.30,50.00,4.88,1,1,51.71,80.78,13.90,0,01/07/2023 10:07:13
0.37,10.16,34.40,50.00,4.88,1,1,51.71,80.78,13.90,0,01/07/2023 10:07:14
0.41,10.28,34.40,50.00,4.88,1,1,51.71,80.78,13.90,0,01/07/2023 10:07:15
0.43,10.25,34.50,49.00,4.88,1,1,51.71,80.78,13.90,0,01/07/2023 10:07:16
0.43,9.95,34.50,49.00,4.88,1,1,51.71,80.78,13.90,0,01/07/2023 10:07:17
0.43,9.98,34.50,49.00,4.88,1,1,51.71,80.78,13.90,0,01/07/2023 10:07:18
0.43,10.76,34.50,49.00,4.88,1,1,51.71,80.78,13.90,0,01/07/2023 10:07:19
0.33,11.18,34.60,49.00,4.88,1,1,51.71,80.78,13.90,0,01/07/2023 10:07:20
0.39,11.18,34.60,49.00,4.88,1,1,51.71,80.78,13.90,0,01/07/2023 10:07:21
0.41,11.15,34.60,48.00,4.88,1,1,51.71,80.78,13.90,0,01/07/2023 10:07:22
0.39,10.19,34.60,48.00,4.88,1,1,51.71,80.78,13.90,0,01/07/2023 10:07:23
0.41,11.24,34.70,48.00,4.88,1,1,51.71,80.78,13.90,0,01/07/2023 10:07:24
0.37,11.21,34.70,48.00,4.88,1,1,51.71,80.78,13.90,0,01/07/2023 10:07:25
0.41,10.25,34.70,47.00,4.88,1,1,51.71,80.78,13.90,0,01/07/2023 10:07:26
0.39,9.98,34.70,47.00,4.88,1,1,51.71,80.78,13.90,0,01/07/2023 10:07:27
0.39,9.62,34.90,47.00,4.88,1,1,51.71,80.78,13.90,0,01/07/2023 10:07:28
0.37,9.50,34.90,47.00,4.88,1,1,51.71,80.78,13.90,0,01/07/2023 10:07:29
0.35,9.50,34.90,47.00,4.88,1,1,51.71,80.78,13.90,0,01/07/2023 10:07:30
0.41,9.59,34.90,47.00,4.88,1,1,51.71,80.78,13.90,0,01/07/2023 10:07:31
0.43,9.65,34.90,47.00,4.88,1,1,51.71,80.78,13.90,0,01/07/2023 10:07:32
0.41,9.83,34.90,47.00,4.88,1,1,51.71,80.78,13.90,0,01/07/2023 10:07:33
0.43,9.68,35.00,47.00,4.88,1,1,51.71,80.78,13.90,0,01/07/2023 10:07:34
0.37,9.65,35.00,47.00,4.88,1,1,51.71,0.79,13.90,0,01/07/2023 10:07:35
0.37,10.22,35.10,46.00,4.88,1,1,51.71,0.79,13.90,0,01/07/2023 10:07:36
0.37,10.16,35.10,46.00,4.88,1,1,51.71,0.79,13.90,0,01/07/2023 10:07:37
0.41,9.98,35.10,46.00,4.88,1,1,51.71,0.79,13.90,0,01/07/2023 10:07:38
0.41,9.86,35.10,46.00,4.88,1,1,51.71,0.79,13.90,0,01/07/2023 10:07:39
0.35,9.65,35.20,45.00,4.88,1,1,51.71,0.79,13.90,0,01/07/2023 10:07:40
0.37,9.77,35.20,45.00,4.88,1,1,51.71,0.79,13.90,0,01/07/2023 10:07:41
0.37,9.68,35.30,45.00,4.88,1,1,51.71,0.79,13.90,0,01/07/2023 10:07:42
0.35,9.86,35.30,45.00,4.88,1,1,51.71,0.79,13.90,0,01/07/2023 10:07:43
0.35,9.95,35.30,45.00,4.88,1,1,51.71,0.79,13.90,0,01/07/2023 10:07:44
0.35,10.40,35.30,45.00,4.88,1,1,51.71,0.79,13.90,0,01/07/2023 10:07:45
0.37,10.31,35.40,45.00,4.88,1,1,51.71,0.79,13.90,0,01/07/2023 10:07:46
0.43,9.95,35.40,45.00,4.88,1,1,51.71,0.79,13.90,0,01/07/2023 10:07:47
0.39,10.16,35.50,45.00,4.88,1,1,51.71,0.79,13.90,0,01/07/2023 10:07:48
0.43,10.04,35.50,45.00,4.88,1,1,51.71,0.79,13.90,0,01/07/2023 10:07:49
0.39,9.83,35.50,45.00,4.88,1,1,51.71,0.79,13.90,0,01/07/2023 10:07:50
0.41,9.80,35.50,45.00,4.88,1,1,51.71,0.79,13.90,0,01/07/2023 10:07:51
0.39,9.56,35.50,44.00,4.88,1,1,51.71,0.79,13.90,0,01/07/2023 10:07:52
0.41,9.80,35.50,44.00,4.88,1,1,51.71,0.79,13.90,0,01/07/2023 10:07:53
0.39,9.68,35.60,44.00,4.88,1,1,51.71,0.79,13.90,0,01/07/2023 10:07:54
0.35,9.35,35.60,44.00,4.88,1,1,51.71,0.79,13.90,0,01/07/2023 10:07:55
0.35,9.35,35.70,44.00,4.88,1,1,51.71,0.79,13.90,0,01/07/2023 10:07:56
0.37,9.59,35.70,44.00,4.88,1,1,51.71,0.79,13.90,0,01/07/2023 10:07:57
0.37,9.59,35.70,44.00,4.88,1,1,51.71,0.79,13.90,0,01/07/2023 10:07:58
0.45,9.59,35.70,44.00,4.88,1,1,51.71,0.79,13.90,0,01/07/2023 10:07:59
0.39,9.74,35.70,44.00,4.88,1,1,51.71,0.79,13.90,0,01/07/2023 10:08:00
0.41,9.71,35.70,44.00,4.88,1,1,51.71,0.79,13.90,0,01/07/2023 10:08:01
0.45,10.07,35.70,44.00,4.88,1,1,51.71,0.79,13.90,0,01/07/2023 10:08:02
0.39,10.04,35.70,44.00,4.88,1,1,51.71,0.79,13.90,0,01/07/2023 10:08:03
0.41,10.16,35.80,43.00,4.88,1,1,51.71,0.79,13.90,0,01/07/2023 10:08:04
0.37,10.37,35.80,43.00,4.88,1,1,51.71,0.79,13.90,0,01/07/2023 10:08:05
0.39,10.58,35.80,43.00,4.88,1,1,51.71,0.79,13.90,0,01/07/2023 10:08:06
0.39,10.49,35.80,43.00,4.88,1,1,51.71,0.79,13.90,0,01/07/2023 10:08:07
0.39,11.09,35.90,43.00,4.88,1,1,51.71,0.79,13.90,0,01/07/2023 10:08:08
0.39,11.24,35.90,43.00,4.88,1,1,51.71,0.79,13.90,0,01/07/2023 10:08:09
0.37,10.94,36.00,44.00,4.88,1,1,51.71,0.79,13.90,0,01/07/2023 10:08:10
0.41,10.43,36.00,44.00,4.88,1,1,51.71,0.79,13.90,0,01/07/2023 10:08:11
0.41,10.34,36.10,44.00,4.88,1,1,51.71,0.79,13.90,0,01/07/2023 10:08:12
0.37,10.43,36.10,44.00,4.88,1,1,51.71,0.79,13.90,0,01/07/2023 10:08:13
0.45,10.22,36.20,43.00,4.88,1,1,51.71,0.79,13.90,0,01/07/2023 10:08:14
0.39,10.37,36.20,43.00,4.88,1,1,51.71,0.79,13.90,0,01/07/2023 10:08:15
0.41,10.10,36.20,43.00,4.88,1,1,51.71,0.79,13.90,0,01/07/2023 10:08:16
0.39,10.10,36.20,43.00,4.88,1,1,51.71,0.79,13.90,0,01/07/2023 10:08:17
0.41,10.13,36.20,43.00,4.88,1,1,51.71,0.79,13.90,0,01/07/2023 10:08:18
0.41,10.25,36.20,43.00,4.88,1,1,51.71,0.79,13.90,0,01/07/2023 10:08:19
0.37,10.31,36.30,43.00,4.88,1,1,51.71,0.79,13.90,0,01/07/2023 10:08:20
0.35,10.79,36.30,43.00,4.88,1,1,51.71,0.79,13.90,0,01/07/2023 10:08:21
0.39,10.82,36.30,42.00,4.88,1,1,51.71,0.79,13.90,0,01/07/2023 10:08:22
0.37,10.85,36.30,42.00,4.88,1,1,51.71,0.79,13.90,0,01/07/2023 10:08:23
0.35,10.43,36.40,42.00,4.88,1,1,51.71,0.79,13.90,0,01/07/2023 10:08:24
0.39,10.25,36.40,42.00,4.88,1,1,51.71,0.79,13.90,0,01/07/2023 10:08:25
0.41,10.28,36.50,42.00,4.88,1,1,51.71,0.79,13.90,0,01/07/2023 10:08:26
0.37,10.10,36.50,42.00,4.88,1,1,51.71,0.79,13.90,0,01/07/2023 10:08:27
0.45,10.40,36.60,42.00,4.88,1,1,51.71,0.79,13.90,0,01/07/2023 10:08:28
0.39,11.57,36.60,42.00,4.88,1,1,51.71,0.79,13.90,0,01/07/2023 10:08:29
0.41,11.69,36.70,42.00,4.88,1,1,51.71,0.79,13.90,0,01/07/2023 10:08:30
0.37,11.75,36.70,42.00,4.88,1,1,51.71,0.79,13.90,0,01/07/2023 10:08:31
0.41,11.72,36.70,41.00,4.88,1,1,51.71,0.79,13.90,0,01/07/2023 10:08:32
0.37,11.66,36.70,41.00,4.88,1,1,51.71,0.79,13.90,0,01/07/2023 10:08:33
0.41,11.60,36.70,41.00,4.88,1,1,51.71,0.79,13.90,0,01/07/2023 10:08:34
0.35,10.73,36.70,41.00,4.88,1,1,51.71,0.79,13.90,0,01/07/2023 10:08:35
0.39,11.54,36.80,41.00,4.88,1,1,51.71,0.79,13.90,0,01/07/2023 10:08:36
0.35,11.57,36.80,41.00,4.88,1,1,51.71,0.79,13.90,0,01/07/2023 10:08:37
0.11,11.63,37.00,41.00,4.88,1,1,51.71,0.79,13.90,0,01/07/2023 10:08:38
0.01,11.60,37.00,41.00,4.88,1,1,51.71,0.79,13.90,0,01/07/2023 10:08:39
0.13,11.63,37.10,41.00,4.88,1,1,51.71,0.79,13.90,0,01/07/2023 10:08:40
0.07,11.60,37.10,41.00,4.88,1,1,51.71,0.79,13.90,0,01/07/2023 10:08:41
0.11,11.63,37.00,40.00,4.88,1,1,51.71,0.79,13.90,0,01/07/2023 10:08:42
0.07,11.66,37.00,40.00,4.88,1,1,51.71,0.79,13.90,0,01/07/2023 10:08:43
0.09,11.69,37.10,40.00,4.88,1,1,51.71,0.79,13.90,0,01/07/2023 10:08:44
0.07,11.72,37.10,40.00,4.88,1,1,51.71,0.79,13.90,0,01/07/2023 10:08:45
0.07,13.43,37.20,40.00,4.88,1,1,51.71,0.79,13.90,0,01/07/2023 10:08:46
0.07,13.37,37.20,40.00,4.88,1,1,51.71,0.79,13.90,0,01/07/2023 10:08:47
0.11,13.34,37.30,40.00,4.88,1,1,51.71,0.79,13.90,0,01/07/2023 10:08:48
0.07,13.28,37.30,40.00,4.88,1,1,51.71,0.79,13.90,0,01/07/2023 10:08:49
0.13,13.25,37.30,40.00,4.88,1,1,51.71,0.79,13.90,0,01/07/2023 10:08:50
0.07,13.19,37.30,40.00,4.88,1,1,51.71,0.79,13.90,0,01/07/2023 10:08:51
0.11,13.19,37.30,40.00,4.88,1,1,51.71,0.79,13.90,0,01/07/2023 10:08:52
0.09,13.34,37.30,40.00,4.88,1,1,51.71,0.79,13.90,0,01/07/2023 10:08:53
0.09,12.59,37.30,40.00,4.88,1,1,51.71,0.79,13.90,0,01/07/2023 10:08:54
0.13,12.62,37.30,40.00,4.88,1,1,51.71,0.79,13.90,0,01/07/2023 10:08:55
0.13,12.47,37.30,40.00,4.88,1,1,51.71,0.79,13.90,0,01/07/2023 10:08:56
0.07,12.47,37.30,40.00,4.88,1,1,51.71,0.79,13.90,0,01/07/2023 10:08:57
0.07,12.32,37.20,40.00,4.88,1,1,51.71,0.79,13.90,0,01/07/2023 10:08:58
0.11,12.26,37.20,40.00,4.88,1,1,51.71,0.79,13.90,0,01/07/2023 10:08:59
0.15,12.14,37.10,40.00,4.88,1,1,51.71,0.79,13.90,0,01/07/2023 10:09:00
0.13,12.08,37.10,40.00,4.88,1,1,51.71,0.79,13.90,0,01/07/2023 10:09:01
0.17,11.96,37.20,40.00,4.88,1,1,51.71,0.79,13.90,0,01/07/2023 10:09:02
0.11,11.78,37.20,40.00,4.88,1,1,51.71,0.79,13.90,0,01/07/2023 10:09:03
0.17,11.81,37.20,40.00,4.88,1,1,51.71,0.79,13.90,0,01/07/2023 10:09:04
0.13,11.63,37.20,40.00,4.88,1,1,51.71,0.79,13.90,0,01/07/2023 10:09:05
0.11,11.63,37.10,40.00,4.88,1,1,51.71,0.79,13.90,0,01/07/2023 10:09:06
0.07,11.42,37.10,40.00,4.88,1,1,51.71,0.79,13.90,0,01/07/2023 10:09:07
0.13,11.39,37.10,40.00,4.88,1,1,51.71,0.79,13.90,0,01/07/2023 10:09:08
0.19,11.36,37.10,40.00,4.88,1,1,51.71,0.79,13.90,0,01/07/2023 10:09:09
0.11,11.30,37.10,40.00,4.88,1,1,51.71,0.79,13.90,0,01/07/2023 10:09:10
0.13,11.12,37.10,40.00,4.88,1,1,51.71,0.79,13.90,0,01/07/2023 10:09:11
0.17,11.15,37.00,40.00,4.88,1,1,51.71,0.79,13.90,0,01/07/2023 10:09:12
0.11,11.03,37.00,40.00,4.88,1,1,51.71,0.79,13.90,0,01/07/2023 10:09:13
0.17,10.88,37.00,40.00,4.88,1,1,51.71,0.79,13.90,0,01/07/2023 10:09:14
0.19,10.94,37.00,40.00,4.88,1,1,51.71,0.79,13.90,0,01/07/2023 10:09:15
0.15,10.70,37.00,41.00,4.88,1,1,51.71,0.79,13.90,0,01/07/2023 10:09:16
0.19,10.73,37.00,41.00,4.88,1,1,51.71,0.79,13.90,0,01/07/2023 10:09:17
0.15,10.61,36.90,41.00,4.88,1,1,51.71,0.79,13.90,0,01/07/2023 10:09:18
0.15,10.55,36.90,41.00,4.88,1,1,51.71,0.79,13.90,0,01/07/2023 10:09:19
0.15,10.55,36.90,41.00,4.88,1,1,51.71,0.79,13.90,0,01/07/2023 10:09:20
0.15,10.43,36.90,41.00,4.88,1,1,51.71,0.79,13.90,0,01/07/2023 10:09:21
0.21,10.22,36.90,41.00,4.88,1,1,51.71,0.79,13.90,0,01/07/2023 10:09:22
1.99,9.56,36.90,41.00,4.88,1,1,51.71,0.79,13.90,0,01/07/2023 10:09:23
8.27,5.06,36.80,41.00,4.88,1,1,51.71,0.79,13.90,0,01/07/2023 10:09:24
6.57,7.76,36.80,41.00,4.88,1,1,51.71,0.79,13.90,0,01/07/2023 10:09:25
0.07,13.01,36.80,41.00,4.88,1,1,51.71,0.79,13.90,0,01/07/2023 10:09:26
0.13,10.40,36.80,41.00,4.88,1,1,51.71,0.79,13.90,0,01/07/2023 10:09:27
0.13,10.04,36.80,41.00,4.88,1,1,51.71,0.79,13.90,0,01/07/2023 10:09:28
0.11,9.89,36.80,41.00,4.88,1,1,51.71,0.79,13.90,0,01/07/2023 10:09:29
0.11,9.86,36.70,41.00,4.88,1,1,51.71,0.79,13.90,0,01/07/2023 10:09:30
0.15,9.68,36.70,41.00,4.88,1,1,51.71,0.79,13.90,0,01/07/2023 10:09:31
0.15,9.74,36.70,41.00,4.88,1,1,51.71,0.79,13.90,0,01/07/2023 10:09:32
0.09,9.59,36.70,41.00,4.88,1,1,51.71,0.79,13.90,0,01/07/2023 10:09:33
0.13,9.44,36.70,42.00,4.88,1,1,51.71,0.79,13.90,0,01/07/2023 10:09:34
0.13,9.44,36.70,42.00,4.88,1,1,51.71,0.79,13.90,0,01/07/2023 10:09:35
0.13,9.29,36.70,42.00,4.88,1,1,51.71,0.79,13.90,0,01/07/2023 10:09:36
0.17,9.17,36.70,42.00,4.88,1,1,0.00,0.79,13.90,0,01/07/2023 10:09:37
0.15,9.11,36.70,42.00,4.88,1,1,0.00,0.79,13.90,0,01/07/2023 10:09:38
0.17,9.05,36.70,42.00,4.88,1,1,0.00,0.79,13.90,0,01/07/2023 10:09:39
0.15,9.05,36.60,42.00,4.88,1,1,0.00,0.79,13.90,0,01/07/2023 10:09:40
0.13,8.99,36.60,42.00,4.88,1,1,0.00,0.79,13.90,0,01/07/2023 10:09:41
0.15,8.87,36.60,42.00,4.88,1,1,0.00,0.79,13.90,0,01/07/2023 10:09:42
0.13,8.84,36.60,42.00,4.88,1,1,0.00,0.79,13.90,0,01/07/2023 10:09:43
0.13,8.78,36.60,42.00,4.88,1,1,0.00,0.79,13.90,0,01/07/2023 10:09:44
0.13,8.66,36.60,42.00,4.88,1,1,0.00,0.79,13.90,0,01/07/2023 10:09:45
0.09,8.57,36.50,42.00,4.88,1,1,0.00,0.79,13.90,0,01/07/2023 10:09:46